source_video,colony,colony_treatment,newcomer_MC_n,newcomer_MD_n,newcomer_ratio,treatment_group,pair,tag_1,class_1,possible_original_tags_1,tag_2,class_2,possible_original_tags_2,interaction_type,cooccurrence_frames,interaction_frames
XZ_batch2_colony10_260606_1_crop_final_with_model_head_tail_1interval,colony10,Sucrose,3,7,MC3_MD7,Sucrose_MC3_MD7,1-100,1,MD,1,100,MD,100,MDMD,1012,2
XZ_batch2_colony10_260606_1_crop_final_with_model_head_tail_1interval,colony10,Sucrose,3,7,MC3_MD7,Sucrose_MC3_MD7,1-13,1,MD,1,13,H,13,HMD,1941,227
XZ_batch2_colony10_260606_1_crop_final_with_model_head_tail_1interval,colony10,Sucrose,3,7,MC3_MD7,Sucrose_MC3_MD7,1-16,1,MD,1,16,MC,91,MCMD,1923,70
XZ_batch2_colony10_260606_1_crop_final_with_model_head_tail_1interval,colony10,Sucrose,3,7,MC3_MD7,Sucrose_MC3_MD7,1-19,1,MD,1,19,H,19,HMD,883,58
XZ_batch2_colony10_260606_1_crop_final_with_model_head_tail_1interval,colony10,Sucrose,3,7,MC3_MD7,Sucrose_MC3_MD7,1-27,1,MD,1,27,H,27,HMD,785,37
XZ_batch2_colony10_260606_1_crop_final_with_model_head_tail_1interval,colony10,Sucrose,3,7,MC3_MD7,Sucrose_MC3_MD7,1-28,1,MD,1,28,H,28,HMD,921,1
XZ_batch2_colony10_260606_1_crop_final_with_model_head_tail_1interval,colony10,Sucrose,3,7,MC3_MD7,Sucrose_MC3_MD7,1-3,1,MD,1,3,MD,3,MDMD,2075,35
XZ_batch2_colony10_260606_1_crop_final_with_model_head_tail_1interval,colony10,Sucrose,3,7,MC3_MD7,Sucrose_MC3_MD7,1-31,1,MD,1,31,H,31,HMD,1874,2
XZ_batch2_colony10_260606_1_crop_final_with_model_head_tail_1interval,colony10,Sucrose,3,7,MC3_MD7,Sucrose_MC3_MD7,1-32,1,MD,1,32,H,32,HMD,1751,93
XZ_batch2_colony10_260606_1_crop_final_with_model_head_tail_1interval,colony10,Sucrose,3,7,MC3_MD7,Sucrose_MC3_MD7,1-33,1,MD,1,33,H,33,HMD,924,10
XZ_batch2_colony10_260606_1_crop_final_with_model_head_tail_1interval,colony10,Sucrose,3,7,MC3_MD7,Sucrose_MC3_MD7,1-34,1,MD,1,34,H,34,HMD,412,0
XZ_batch2_colony10_260606_1_crop_final_with_model_head_tail_1interval,colony10,Sucrose,3,7,MC3_MD7,Sucrose_MC3_MD7,1-35,1,MD,1,35,H,35,HMD,1357,16
XZ_batch2_colony10_260606_1_crop_final_with_model_head_tail_1interval,colony10,Sucrose,3,7,MC3_MD7,Sucrose_MC3_MD7,1-36,1,MD,1,36,H,36,HMD,530,0
XZ_batch2_colony10_260606_1_crop_final_with_model_head_tail_1interval,colony10,Sucrose,3,7,MC3_MD7,Sucrose_MC3_MD7,1-39,1,MD,1,39,H,39,HMD,1305,4
XZ_batch2_colony10_260606_1_crop_final_with_model_head_tail_1interval,colony10,Sucrose,3,7,MC3_MD7,Sucrose_MC3_MD7,1-4,1,MD,1,4,MD,4,MDMD,922,51
XZ_batch2_colony10_260606_1_crop_final_with_model_head_tail_1interval,colony10,Sucrose,3,7,MC3_MD7,Sucrose_MC3_MD7,1-40,1,MD,1,40,H,40,HMD,1147,35
XZ_batch2_colony10_260606_1_crop_final_with_model_head_tail_1interval,colony10,Sucrose,3,7,MC3_MD7,Sucrose_MC3_MD7,1-50,1,MD,1,50,H,50,HMD,762,19
XZ_batch2_colony10_260606_1_crop_final_with_model_head_tail_1interval,colony10,Sucrose,3,7,MC3_MD7,Sucrose_MC3_MD7,1-51,1,MD,1,51,H,51,HMD,730,44
XZ_batch2_colony10_260606_1_crop_final_with_model_head_tail_1interval,colony10,Sucrose,3,7,MC3_MD7,Sucrose_MC3_MD7,1-55,1,MD,1,55,H,55,HMD,235,0
XZ_batch2_colony10_260606_1_crop_final_with_model_head_tail_1interval,colony10,Sucrose,3,7,MC3_MD7,Sucrose_MC3_MD7,1-56,1,MD,1,56,H,56,HMD,8,0
XZ_batch2_colony10_260606_1_crop_final_with_model_head_tail_1interval,colony10,Sucrose,3,7,MC3_MD7,Sucrose_MC3_MD7,1-59,1,MD,1,59,H,59,HMD,694,30
XZ_batch2_colony10_260606_1_crop_final_with_model_head_tail_1interval,colony10,Sucrose,3,7,MC3_MD7,Sucrose_MC3_MD7,1-60,1,MD,1,60,H,60,HMD,537,6
XZ_batch2_colony10_260606_1_crop_final_with_model_head_tail_1interval,colony10,Sucrose,3,7,MC3_MD7,Sucrose_MC3_MD7,1-69,1,MD,1,69,H,69,HMD,572,24
XZ_batch2_colony10_260606_1_crop_final_with_model_head_tail_1interval,colony10,Sucrose,3,7,MC3_MD7,Sucrose_MC3_MD7,1-70,1,MD,1,70,H,70,HMD,550,2
XZ_batch2_colony10_260606_1_crop_final_with_model_head_tail_1interval,colony10,Sucrose,3,7,MC3_MD7,Sucrose_MC3_MD7,1-80,1,MD,1,80,Q,80,MDQ,1267,194
XZ_batch2_colony10_260606_1_crop_final_with_model_head_tail_1interval,colony10,Sucrose,3,7,MC3_MD7,Sucrose_MC3_MD7,1-90,1,MD,1,90,MC,90,MCMD,1135,28
XZ_batch2_colony10_260606_1_crop_final_with_model_head_tail_1interval,colony10,Sucrose,3,7,MC3_MD7,Sucrose_MC3_MD7,1-92,1,MD,1,92,MC,92,MCMD,492,1
XZ_batch2_colony10_260606_1_crop_final_with_model_head_tail_1interval,colony10,Sucrose,3,7,MC3_MD7,Sucrose_MC3_MD7,1-93,1,MD,1,93,MD,93,MDMD,390,5
XZ_batch2_colony10_260606_1_crop_final_with_model_head_tail_1interval,colony10,Sucrose,3,7,MC3_MD7,Sucrose_MC3_MD7,1-94,1,MD,1,94,MD,94,MDMD,134,0
XZ_batch2_colony10_260606_1_crop_final_with_model_head_tail_1interval,colony10,Sucrose,3,7,MC3_MD7,Sucrose_MC3_MD7,1-95,1,MD,1,95,MD,95,MDMD,7,0
XZ_batch2_colony10_260606_1_crop_final_with_model_head_tail_1interval,colony10,Sucrose,3,7,MC3_MD7,Sucrose_MC3_MD7,100-13,100,MD,100,13,H,13,HMD,1056,32
XZ_batch2_colony10_260606_1_crop_final_with_model_head_tail_1interval,colony10,Sucrose,3,7,MC3_MD7,Sucrose_MC3_MD7,100-16,100,MD,100,16,MC,91,MCMD,2107,151
XZ_batch2_colony10_260606_1_crop_final_with_model_head_tail_1interval,colony10,Sucrose,3,7,MC3_MD7,Sucrose_MC3_MD7,100-19,100,MD,100,19,H,19,HMD,1049,32
XZ_batch2_colony10_260606_1_crop_final_with_model_head_tail_1interval,colony10,Sucrose,3,7,MC3_MD7,Sucrose_MC3_MD7,100-27,100,MD,100,27,H,27,HMD,1337,28
XZ_batch2_colony10_260606_1_crop_final_with_model_head_tail_1interval,colony10,Sucrose,3,7,MC3_MD7,Sucrose_MC3_MD7,100-28,100,MD,100,28,H,28,HMD,661,3
XZ_batch2_colony10_260606_1_crop_final_with_model_head_tail_1interval,colony10,Sucrose,3,7,MC3_MD7,Sucrose_MC3_MD7,100-3,100,MD,100,3,MD,3,MDMD,1082,19
XZ_batch2_colony10_260606_1_crop_final_with_model_head_tail_1interval,colony10,Sucrose,3,7,MC3_MD7,Sucrose_MC3_MD7,100-31,100,MD,100,31,H,31,HMD,1395,5
XZ_batch2_colony10_260606_1_crop_final_with_model_head_tail_1interval,colony10,Sucrose,3,7,MC3_MD7,Sucrose_MC3_MD7,100-32,100,MD,100,32,H,32,HMD,1993,15
XZ_batch2_colony10_260606_1_crop_final_with_model_head_tail_1interval,colony10,Sucrose,3,7,MC3_MD7,Sucrose_MC3_MD7,100-33,100,MD,100,33,H,33,HMD,1008,2
XZ_batch2_colony10_260606_1_crop_final_with_model_head_tail_1interval,colony10,Sucrose,3,7,MC3_MD7,Sucrose_MC3_MD7,100-34,100,MD,100,34,H,34,HMD,841,5
XZ_batch2_colony10_260606_1_crop_final_with_model_head_tail_1interval,colony10,Sucrose,3,7,MC3_MD7,Sucrose_MC3_MD7,100-35,100,MD,100,35,H,35,HMD,1241,9
XZ_batch2_colony10_260606_1_crop_final_with_model_head_tail_1interval,colony10,Sucrose,3,7,MC3_MD7,Sucrose_MC3_MD7,100-36,100,MD,100,36,H,36,HMD,551,1
XZ_batch2_colony10_260606_1_crop_final_with_model_head_tail_1interval,colony10,Sucrose,3,7,MC3_MD7,Sucrose_MC3_MD7,100-39,100,MD,100,39,H,39,HMD,1113,0
XZ_batch2_colony10_260606_1_crop_final_with_model_head_tail_1interval,colony10,Sucrose,3,7,MC3_MD7,Sucrose_MC3_MD7,100-4,100,MD,100,4,MD,4,MDMD,1369,15
XZ_batch2_colony10_260606_1_crop_final_with_model_head_tail_1interval,colony10,Sucrose,3,7,MC3_MD7,Sucrose_MC3_MD7,100-40,100,MD,100,40,H,40,HMD,1687,16
XZ_batch2_colony10_260606_1_crop_final_with_model_head_tail_1interval,colony10,Sucrose,3,7,MC3_MD7,Sucrose_MC3_MD7,100-50,100,MD,100,50,H,50,HMD,893,0
XZ_batch2_colony10_260606_1_crop_final_with_model_head_tail_1interval,colony10,Sucrose,3,7,MC3_MD7,Sucrose_MC3_MD7,100-51,100,MD,100,51,H,51,HMD,1382,5
XZ_batch2_colony10_260606_1_crop_final_with_model_head_tail_1interval,colony10,Sucrose,3,7,MC3_MD7,Sucrose_MC3_MD7,100-55,100,MD,100,55,H,55,HMD,205,2
XZ_batch2_colony10_260606_1_crop_final_with_model_head_tail_1interval,colony10,Sucrose,3,7,MC3_MD7,Sucrose_MC3_MD7,100-56,100,MD,100,56,H,56,HMD,10,0
XZ_batch2_colony10_260606_1_crop_final_with_model_head_tail_1interval,colony10,Sucrose,3,7,MC3_MD7,Sucrose_MC3_MD7,100-59,100,MD,100,59,H,59,HMD,441,16
XZ_batch2_colony10_260606_1_crop_final_with_model_head_tail_1interval,colony10,Sucrose,3,7,MC3_MD7,Sucrose_MC3_MD7,100-60,100,MD,100,60,H,60,HMD,425,0
XZ_batch2_colony10_260606_1_crop_final_with_model_head_tail_1interval,colony10,Sucrose,3,7,MC3_MD7,Sucrose_MC3_MD7,100-69,100,MD,100,69,H,69,HMD,283,1
XZ_batch2_colony10_260606_1_crop_final_with_model_head_tail_1interval,colony10,Sucrose,3,7,MC3_MD7,Sucrose_MC3_MD7,100-70,100,MD,100,70,H,70,HMD,233,10
XZ_batch2_colony10_260606_1_crop_final_with_model_head_tail_1interval,colony10,Sucrose,3,7,MC3_MD7,Sucrose_MC3_MD7,100-80,100,MD,100,80,Q,80,MDQ,1738,16
XZ_batch2_colony10_260606_1_crop_final_with_model_head_tail_1interval,colony10,Sucrose,3,7,MC3_MD7,Sucrose_MC3_MD7,100-90,100,MD,100,90,MC,90,MCMD,630,2
XZ_batch2_colony10_260606_1_crop_final_with_model_head_tail_1interval,colony10,Sucrose,3,7,MC3_MD7,Sucrose_MC3_MD7,100-92,100,MD,100,92,MC,92,MCMD,392,16
XZ_batch2_colony10_260606_1_crop_final_with_model_head_tail_1interval,colony10,Sucrose,3,7,MC3_MD7,Sucrose_MC3_MD7,100-93,100,MD,100,93,MD,93,MDMD,605,4
XZ_batch2_colony10_260606_1_crop_final_with_model_head_tail_1interval,colony10,Sucrose,3,7,MC3_MD7,Sucrose_MC3_MD7,100-94,100,MD,100,94,MD,94,MDMD,149,0
XZ_batch2_colony10_260606_1_crop_final_with_model_head_tail_1interval,colony10,Sucrose,3,7,MC3_MD7,Sucrose_MC3_MD7,100-95,100,MD,100,95,MD,95,MDMD,10,0
XZ_batch2_colony10_260606_1_crop_final_with_model_head_tail_1interval,colony10,Sucrose,3,7,MC3_MD7,Sucrose_MC3_MD7,13-16,13,H,13,16,MC,91,HMC,2618,16
XZ_batch2_colony10_260606_1_crop_final_with_model_head_tail_1interval,colony10,Sucrose,3,7,MC3_MD7,Sucrose_MC3_MD7,13-19,13,H,13,19,H,19,HH,1020,26
XZ_batch2_colony10_260606_1_crop_final_with_model_head_tail_1interval,colony10,Sucrose,3,7,MC3_MD7,Sucrose_MC3_MD7,13-27,13,H,13,27,H,27,HH,1081,6
XZ_batch2_colony10_260606_1_crop_final_with_model_head_tail_1interval,colony10,Sucrose,3,7,MC3_MD7,Sucrose_MC3_MD7,13-28,13,H,13,28,H,28,HH,1404,7
XZ_batch2_colony10_260606_1_crop_final_with_model_head_tail_1interval,colony10,Sucrose,3,7,MC3_MD7,Sucrose_MC3_MD7,13-3,13,H,13,3,MD,3,HMD,2894,96
XZ_batch2_colony10_260606_1_crop_final_with_model_head_tail_1interval,colony10,Sucrose,3,7,MC3_MD7,Sucrose_MC3_MD7,13-31,13,H,13,31,H,31,HH,2604,21
XZ_batch2_colony10_260606_1_crop_final_with_model_head_tail_1interval,colony10,Sucrose,3,7,MC3_MD7,Sucrose_MC3_MD7,13-32,13,H,13,32,H,32,HH,3283,68
XZ_batch2_colony10_260606_1_crop_final_with_model_head_tail_1interval,colony10,Sucrose,3,7,MC3_MD7,Sucrose_MC3_MD7,13-33,13,H,13,33,H,33,HH,1357,64
XZ_batch2_colony10_260606_1_crop_final_with_model_head_tail_1interval,colony10,Sucrose,3,7,MC3_MD7,Sucrose_MC3_MD7,13-34,13,H,13,34,H,34,HH,699,0
XZ_batch2_colony10_260606_1_crop_final_with_model_head_tail_1interval,colony10,Sucrose,3,7,MC3_MD7,Sucrose_MC3_MD7,13-35,13,H,13,35,H,35,HH,1646,65
XZ_batch2_colony10_260606_1_crop_final_with_model_head_tail_1interval,colony10,Sucrose,3,7,MC3_MD7,Sucrose_MC3_MD7,13-36,13,H,13,36,H,36,HH,985,2
XZ_batch2_colony10_260606_1_crop_final_with_model_head_tail_1interval,colony10,Sucrose,3,7,MC3_MD7,Sucrose_MC3_MD7,13-39,13,H,13,39,H,39,HH,1459,0
XZ_batch2_colony10_260606_1_crop_final_with_model_head_tail_1interval,colony10,Sucrose,3,7,MC3_MD7,Sucrose_MC3_MD7,13-4,13,H,13,4,MD,4,HMD,2472,141
XZ_batch2_colony10_260606_1_crop_final_with_model_head_tail_1interval,colony10,Sucrose,3,7,MC3_MD7,Sucrose_MC3_MD7,13-40,13,H,13,40,H,40,HH,1192,8
XZ_batch2_colony10_260606_1_crop_final_with_model_head_tail_1interval,colony10,Sucrose,3,7,MC3_MD7,Sucrose_MC3_MD7,13-50,13,H,13,50,H,50,HH,1198,10
XZ_batch2_colony10_260606_1_crop_final_with_model_head_tail_1interval,colony10,Sucrose,3,7,MC3_MD7,Sucrose_MC3_MD7,13-51,13,H,13,51,H,51,HH,1248,0
XZ_batch2_colony10_260606_1_crop_final_with_model_head_tail_1interval,colony10,Sucrose,3,7,MC3_MD7,Sucrose_MC3_MD7,13-55,13,H,13,55,H,55,HH,504,32
XZ_batch2_colony10_260606_1_crop_final_with_model_head_tail_1interval,colony10,Sucrose,3,7,MC3_MD7,Sucrose_MC3_MD7,13-56,13,H,13,56,H,56,HH,14,0
XZ_batch2_colony10_260606_1_crop_final_with_model_head_tail_1interval,colony10,Sucrose,3,7,MC3_MD7,Sucrose_MC3_MD7,13-59,13,H,13,59,H,59,HH,748,12
XZ_batch2_colony10_260606_1_crop_final_with_model_head_tail_1interval,colony10,Sucrose,3,7,MC3_MD7,Sucrose_MC3_MD7,13-60,13,H,13,60,H,60,HH,739,0
XZ_batch2_colony10_260606_1_crop_final_with_model_head_tail_1interval,colony10,Sucrose,3,7,MC3_MD7,Sucrose_MC3_MD7,13-69,13,H,13,69,H,69,HH,1174,1
XZ_batch2_colony10_260606_1_crop_final_with_model_head_tail_1interval,colony10,Sucrose,3,7,MC3_MD7,Sucrose_MC3_MD7,13-70,13,H,13,70,H,70,HH,893,18
XZ_batch2_colony10_260606_1_crop_final_with_model_head_tail_1interval,colony10,Sucrose,3,7,MC3_MD7,Sucrose_MC3_MD7,13-80,13,H,13,80,Q,80,HQ,1906,6
XZ_batch2_colony10_260606_1_crop_final_with_model_head_tail_1interval,colony10,Sucrose,3,7,MC3_MD7,Sucrose_MC3_MD7,13-90,13,H,13,90,MC,90,HMC,1774,114
XZ_batch2_colony10_260606_1_crop_final_with_model_head_tail_1interval,colony10,Sucrose,3,7,MC3_MD7,Sucrose_MC3_MD7,13-92,13,H,13,92,MC,92,HMC,567,2
XZ_batch2_colony10_260606_1_crop_final_with_model_head_tail_1interval,colony10,Sucrose,3,7,MC3_MD7,Sucrose_MC3_MD7,13-93,13,H,13,93,MD,93,HMD,721,7
XZ_batch2_colony10_260606_1_crop_final_with_model_head_tail_1interval,colony10,Sucrose,3,7,MC3_MD7,Sucrose_MC3_MD7,13-94,13,H,13,94,MD,94,HMD,156,0
XZ_batch2_colony10_260606_1_crop_final_with_model_head_tail_1interval,colony10,Sucrose,3,7,MC3_MD7,Sucrose_MC3_MD7,13-95,13,H,13,95,MD,95,HMD,6,1
XZ_batch2_colony10_260606_1_crop_final_with_model_head_tail_1interval,colony10,Sucrose,3,7,MC3_MD7,Sucrose_MC3_MD7,16-19,16,MC,91,19,H,19,HMC,1682,113
XZ_batch2_colony10_260606_1_crop_final_with_model_head_tail_1interval,colony10,Sucrose,3,7,MC3_MD7,Sucrose_MC3_MD7,16-27,16,MC,91,27,H,27,HMC,993,0
XZ_batch2_colony10_260606_1_crop_final_with_model_head_tail_1interval,colony10,Sucrose,3,7,MC3_MD7,Sucrose_MC3_MD7,16-28,16,MC,91,28,H,28,HMC,656,26
XZ_batch2_colony10_260606_1_crop_final_with_model_head_tail_1interval,colony10,Sucrose,3,7,MC3_MD7,Sucrose_MC3_MD7,16-3,16,MC,91,3,MD,3,MCMD,2122,69
XZ_batch2_colony10_260606_1_crop_final_with_model_head_tail_1interval,colony10,Sucrose,3,7,MC3_MD7,Sucrose_MC3_MD7,16-31,16,MC,91,31,H,31,HMC,2801,14
XZ_batch2_colony10_260606_1_crop_final_with_model_head_tail_1interval,colony10,Sucrose,3,7,MC3_MD7,Sucrose_MC3_MD7,16-32,16,MC,91,32,H,32,HMC,2820,32
XZ_batch2_colony10_260606_1_crop_final_with_model_head_tail_1interval,colony10,Sucrose,3,7,MC3_MD7,Sucrose_MC3_MD7,16-33,16,MC,91,33,H,33,HMC,2128,77
XZ_batch2_colony10_260606_1_crop_final_with_model_head_tail_1interval,colony10,Sucrose,3,7,MC3_MD7,Sucrose_MC3_MD7,16-34,16,MC,91,34,H,34,HMC,1628,25
XZ_batch2_colony10_260606_1_crop_final_with_model_head_tail_1interval,colony10,Sucrose,3,7,MC3_MD7,Sucrose_MC3_MD7,16-35,16,MC,91,35,H,35,HMC,1897,41
XZ_batch2_colony10_260606_1_crop_final_with_model_head_tail_1interval,colony10,Sucrose,3,7,MC3_MD7,Sucrose_MC3_MD7,16-36,16,MC,91,36,H,36,HMC,1389,25
XZ_batch2_colony10_260606_1_crop_final_with_model_head_tail_1interval,colony10,Sucrose,3,7,MC3_MD7,Sucrose_MC3_MD7,16-39,16,MC,91,39,H,39,HMC,2116,13
XZ_batch2_colony10_260606_1_crop_final_with_model_head_tail_1interval,colony10,Sucrose,3,7,MC3_MD7,Sucrose_MC3_MD7,16-4,16,MC,91,4,MD,4,MCMD,3467,301
XZ_batch2_colony10_260606_1_crop_final_with_model_head_tail_1interval,colony10,Sucrose,3,7,MC3_MD7,Sucrose_MC3_MD7,16-40,16,MC,91,40,H,40,HMC,1771,37
XZ_batch2_colony10_260606_1_crop_final_with_model_head_tail_1interval,colony10,Sucrose,3,7,MC3_MD7,Sucrose_MC3_MD7,16-50,16,MC,91,50,H,50,HMC,793,71
XZ_batch2_colony10_260606_1_crop_final_with_model_head_tail_1interval,colony10,Sucrose,3,7,MC3_MD7,Sucrose_MC3_MD7,16-51,16,MC,91,51,H,51,HMC,1124,1
XZ_batch2_colony10_260606_1_crop_final_with_model_head_tail_1interval,colony10,Sucrose,3,7,MC3_MD7,Sucrose_MC3_MD7,16-55,16,MC,91,55,H,55,HMC,781,2
XZ_batch2_colony10_260606_1_crop_final_with_model_head_tail_1interval,colony10,Sucrose,3,7,MC3_MD7,Sucrose_MC3_MD7,16-56,16,MC,91,56,H,56,HMC,17,0
XZ_batch2_colony10_260606_1_crop_final_with_model_head_tail_1interval,colony10,Sucrose,3,7,MC3_MD7,Sucrose_MC3_MD7,16-59,16,MC,91,59,H,59,HMC,1022,15
XZ_batch2_colony10_260606_1_crop_final_with_model_head_tail_1interval,colony10,Sucrose,3,7,MC3_MD7,Sucrose_MC3_MD7,16-60,16,MC,91,60,H,60,HMC,1195,82
XZ_batch2_colony10_260606_1_crop_final_with_model_head_tail_1interval,colony10,Sucrose,3,7,MC3_MD7,Sucrose_MC3_MD7,16-69,16,MC,91,69,H,69,HMC,1189,106
XZ_batch2_colony10_260606_1_crop_final_with_model_head_tail_1interval,colony10,Sucrose,3,7,MC3_MD7,Sucrose_MC3_MD7,16-70,16,MC,91,70,H,70,HMC,850,40
XZ_batch2_colony10_260606_1_crop_final_with_model_head_tail_1interval,colony10,Sucrose,3,7,MC3_MD7,Sucrose_MC3_MD7,16-80,16,MC,91,80,Q,80,MCQ,2524,7
XZ_batch2_colony10_260606_1_crop_final_with_model_head_tail_1interval,colony10,Sucrose,3,7,MC3_MD7,Sucrose_MC3_MD7,16-90,16,MC,91,90,MC,90,MCMC,1712,33
XZ_batch2_colony10_260606_1_crop_final_with_model_head_tail_1interval,colony10,Sucrose,3,7,MC3_MD7,Sucrose_MC3_MD7,16-92,16,MC,91,92,MC,92,MCMC,778,26
XZ_batch2_colony10_260606_1_crop_final_with_model_head_tail_1interval,colony10,Sucrose,3,7,MC3_MD7,Sucrose_MC3_MD7,16-93,16,MC,91,93,MD,93,MCMD,1278,2
XZ_batch2_colony10_260606_1_crop_final_with_model_head_tail_1interval,colony10,Sucrose,3,7,MC3_MD7,Sucrose_MC3_MD7,16-94,16,MC,91,94,MD,94,MCMD,185,4
XZ_batch2_colony10_260606_1_crop_final_with_model_head_tail_1interval,colony10,Sucrose,3,7,MC3_MD7,Sucrose_MC3_MD7,16-95,16,MC,91,95,MD,95,MCMD,11,0
XZ_batch2_colony10_260606_1_crop_final_with_model_head_tail_1interval,colony10,Sucrose,3,7,MC3_MD7,Sucrose_MC3_MD7,19-27,19,H,19,27,H,27,HH,820,6
XZ_batch2_colony10_260606_1_crop_final_with_model_head_tail_1interval,colony10,Sucrose,3,7,MC3_MD7,Sucrose_MC3_MD7,19-28,19,H,19,28,H,28,HH,471,19
XZ_batch2_colony10_260606_1_crop_final_with_model_head_tail_1interval,colony10,Sucrose,3,7,MC3_MD7,Sucrose_MC3_MD7,19-3,19,H,19,3,MD,3,HMD,1029,36
XZ_batch2_colony10_260606_1_crop_final_with_model_head_tail_1interval,colony10,Sucrose,3,7,MC3_MD7,Sucrose_MC3_MD7,19-31,19,H,19,31,H,31,HH,891,1
XZ_batch2_colony10_260606_1_crop_final_with_model_head_tail_1interval,colony10,Sucrose,3,7,MC3_MD7,Sucrose_MC3_MD7,19-32,19,H,19,32,H,32,HH,1381,56
XZ_batch2_colony10_260606_1_crop_final_with_model_head_tail_1interval,colony10,Sucrose,3,7,MC3_MD7,Sucrose_MC3_MD7,19-33,19,H,19,33,H,33,HH,655,97
XZ_batch2_colony10_260606_1_crop_final_with_model_head_tail_1interval,colony10,Sucrose,3,7,MC3_MD7,Sucrose_MC3_MD7,19-34,19,H,19,34,H,34,HH,533,0
XZ_batch2_colony10_260606_1_crop_final_with_model_head_tail_1interval,colony10,Sucrose,3,7,MC3_MD7,Sucrose_MC3_MD7,19-35,19,H,19,35,H,35,HH,723,0
XZ_batch2_colony10_260606_1_crop_final_with_model_head_tail_1interval,colony10,Sucrose,3,7,MC3_MD7,Sucrose_MC3_MD7,19-36,19,H,19,36,H,36,HH,351,1
XZ_batch2_colony10_260606_1_crop_final_with_model_head_tail_1interval,colony10,Sucrose,3,7,MC3_MD7,Sucrose_MC3_MD7,19-39,19,H,19,39,H,39,HH,637,7
XZ_batch2_colony10_260606_1_crop_final_with_model_head_tail_1interval,colony10,Sucrose,3,7,MC3_MD7,Sucrose_MC3_MD7,19-4,19,H,19,4,MD,4,HMD,1439,12
XZ_batch2_colony10_260606_1_crop_final_with_model_head_tail_1interval,colony10,Sucrose,3,7,MC3_MD7,Sucrose_MC3_MD7,19-40,19,H,19,40,H,40,HH,1006,20
XZ_batch2_colony10_260606_1_crop_final_with_model_head_tail_1interval,colony10,Sucrose,3,7,MC3_MD7,Sucrose_MC3_MD7,19-50,19,H,19,50,H,50,HH,395,4
XZ_batch2_colony10_260606_1_crop_final_with_model_head_tail_1interval,colony10,Sucrose,3,7,MC3_MD7,Sucrose_MC3_MD7,19-51,19,H,19,51,H,51,HH,769,0
XZ_batch2_colony10_260606_1_crop_final_with_model_head_tail_1interval,colony10,Sucrose,3,7,MC3_MD7,Sucrose_MC3_MD7,19-55,19,H,19,55,H,55,HH,273,1
XZ_batch2_colony10_260606_1_crop_final_with_model_head_tail_1interval,colony10,Sucrose,3,7,MC3_MD7,Sucrose_MC3_MD7,19-56,19,H,19,56,H,56,HH,10,0
XZ_batch2_colony10_260606_1_crop_final_with_model_head_tail_1interval,colony10,Sucrose,3,7,MC3_MD7,Sucrose_MC3_MD7,19-59,19,H,19,59,H,59,HH,943,41
XZ_batch2_colony10_260606_1_crop_final_with_model_head_tail_1interval,colony10,Sucrose,3,7,MC3_MD7,Sucrose_MC3_MD7,19-60,19,H,19,60,H,60,HH,465,17
XZ_batch2_colony10_260606_1_crop_final_with_model_head_tail_1interval,colony10,Sucrose,3,7,MC3_MD7,Sucrose_MC3_MD7,19-69,19,H,19,69,H,69,HH,326,12
XZ_batch2_colony10_260606_1_crop_final_with_model_head_tail_1interval,colony10,Sucrose,3,7,MC3_MD7,Sucrose_MC3_MD7,19-70,19,H,19,70,H,70,HH,238,3
XZ_batch2_colony10_260606_1_crop_final_with_model_head_tail_1interval,colony10,Sucrose,3,7,MC3_MD7,Sucrose_MC3_MD7,19-80,19,H,19,80,Q,80,HQ,1368,39
XZ_batch2_colony10_260606_1_crop_final_with_model_head_tail_1interval,colony10,Sucrose,3,7,MC3_MD7,Sucrose_MC3_MD7,19-90,19,H,19,90,MC,90,HMC,494,10
XZ_batch2_colony10_260606_1_crop_final_with_model_head_tail_1interval,colony10,Sucrose,3,7,MC3_MD7,Sucrose_MC3_MD7,19-92,19,H,19,92,MC,92,HMC,488,63
XZ_batch2_colony10_260606_1_crop_final_with_model_head_tail_1interval,colony10,Sucrose,3,7,MC3_MD7,Sucrose_MC3_MD7,19-93,19,H,19,93,MD,93,HMD,619,40
XZ_batch2_colony10_260606_1_crop_final_with_model_head_tail_1interval,colony10,Sucrose,3,7,MC3_MD7,Sucrose_MC3_MD7,19-94,19,H,19,94,MD,94,HMD,73,0
XZ_batch2_colony10_260606_1_crop_final_with_model_head_tail_1interval,colony10,Sucrose,3,7,MC3_MD7,Sucrose_MC3_MD7,19-95,19,H,19,95,MD,95,HMD,5,2
XZ_batch2_colony10_260606_1_crop_final_with_model_head_tail_1interval,colony10,Sucrose,3,7,MC3_MD7,Sucrose_MC3_MD7,27-28,27,H,27,28,H,28,HH,294,0
XZ_batch2_colony10_260606_1_crop_final_with_model_head_tail_1interval,colony10,Sucrose,3,7,MC3_MD7,Sucrose_MC3_MD7,27-3,27,H,27,3,MD,3,HMD,1497,62
XZ_batch2_colony10_260606_1_crop_final_with_model_head_tail_1interval,colony10,Sucrose,3,7,MC3_MD7,Sucrose_MC3_MD7,27-31,27,H,27,31,H,31,HH,1062,5
XZ_batch2_colony10_260606_1_crop_final_with_model_head_tail_1interval,colony10,Sucrose,3,7,MC3_MD7,Sucrose_MC3_MD7,27-32,27,H,27,32,H,32,HH,1270,33
XZ_batch2_colony10_260606_1_crop_final_with_model_head_tail_1interval,colony10,Sucrose,3,7,MC3_MD7,Sucrose_MC3_MD7,27-33,27,H,27,33,H,33,HH,791,0
XZ_batch2_colony10_260606_1_crop_final_with_model_head_tail_1interval,colony10,Sucrose,3,7,MC3_MD7,Sucrose_MC3_MD7,27-34,27,H,27,34,H,34,HH,427,3
XZ_batch2_colony10_260606_1_crop_final_with_model_head_tail_1interval,colony10,Sucrose,3,7,MC3_MD7,Sucrose_MC3_MD7,27-35,27,H,27,35,H,35,HH,1636,21
XZ_batch2_colony10_260606_1_crop_final_with_model_head_tail_1interval,colony10,Sucrose,3,7,MC3_MD7,Sucrose_MC3_MD7,27-36,27,H,27,36,H,36,HH,615,32
XZ_batch2_colony10_260606_1_crop_final_with_model_head_tail_1interval,colony10,Sucrose,3,7,MC3_MD7,Sucrose_MC3_MD7,27-39,27,H,27,39,H,39,HH,600,19
XZ_batch2_colony10_260606_1_crop_final_with_model_head_tail_1interval,colony10,Sucrose,3,7,MC3_MD7,Sucrose_MC3_MD7,27-4,27,H,27,4,MD,4,HMD,542,1
XZ_batch2_colony10_260606_1_crop_final_with_model_head_tail_1interval,colony10,Sucrose,3,7,MC3_MD7,Sucrose_MC3_MD7,27-40,27,H,27,40,H,40,HH,1912,53
XZ_batch2_colony10_260606_1_crop_final_with_model_head_tail_1interval,colony10,Sucrose,3,7,MC3_MD7,Sucrose_MC3_MD7,27-50,27,H,27,50,H,50,HH,434,0
XZ_batch2_colony10_260606_1_crop_final_with_model_head_tail_1interval,colony10,Sucrose,3,7,MC3_MD7,Sucrose_MC3_MD7,27-51,27,H,27,51,H,51,HH,1351,47
XZ_batch2_colony10_260606_1_crop_final_with_model_head_tail_1interval,colony10,Sucrose,3,7,MC3_MD7,Sucrose_MC3_MD7,27-55,27,H,27,55,H,55,HH,268,0
XZ_batch2_colony10_260606_1_crop_final_with_model_head_tail_1interval,colony10,Sucrose,3,7,MC3_MD7,Sucrose_MC3_MD7,27-56,27,H,27,56,H,56,HH,7,0
XZ_batch2_colony10_260606_1_crop_final_with_model_head_tail_1interval,colony10,Sucrose,3,7,MC3_MD7,Sucrose_MC3_MD7,27-59,27,H,27,59,H,59,HH,224,0
XZ_batch2_colony10_260606_1_crop_final_with_model_head_tail_1interval,colony10,Sucrose,3,7,MC3_MD7,Sucrose_MC3_MD7,27-60,27,H,27,60,H,60,HH,416,0
XZ_batch2_colony10_260606_1_crop_final_with_model_head_tail_1interval,colony10,Sucrose,3,7,MC3_MD7,Sucrose_MC3_MD7,27-69,27,H,27,69,H,69,HH,497,39
XZ_batch2_colony10_260606_1_crop_final_with_model_head_tail_1interval,colony10,Sucrose,3,7,MC3_MD7,Sucrose_MC3_MD7,27-70,27,H,27,70,H,70,HH,481,11
XZ_batch2_colony10_260606_1_crop_final_with_model_head_tail_1interval,colony10,Sucrose,3,7,MC3_MD7,Sucrose_MC3_MD7,27-80,27,H,27,80,Q,80,HQ,1005,0
XZ_batch2_colony10_260606_1_crop_final_with_model_head_tail_1interval,colony10,Sucrose,3,7,MC3_MD7,Sucrose_MC3_MD7,27-90,27,H,27,90,MC,90,HMC,731,21
XZ_batch2_colony10_260606_1_crop_final_with_model_head_tail_1interval,colony10,Sucrose,3,7,MC3_MD7,Sucrose_MC3_MD7,27-92,27,H,27,92,MC,92,HMC,232,0
XZ_batch2_colony10_260606_1_crop_final_with_model_head_tail_1interval,colony10,Sucrose,3,7,MC3_MD7,Sucrose_MC3_MD7,27-93,27,H,27,93,MD,93,HMD,790,6
XZ_batch2_colony10_260606_1_crop_final_with_model_head_tail_1interval,colony10,Sucrose,3,7,MC3_MD7,Sucrose_MC3_MD7,27-94,27,H,27,94,MD,94,HMD,133,0
XZ_batch2_colony10_260606_1_crop_final_with_model_head_tail_1interval,colony10,Sucrose,3,7,MC3_MD7,Sucrose_MC3_MD7,27-95,27,H,27,95,MD,95,HMD,4,0
XZ_batch2_colony10_260606_1_crop_final_with_model_head_tail_1interval,colony10,Sucrose,3,7,MC3_MD7,Sucrose_MC3_MD7,28-3,28,H,28,3,MD,3,HMD,1197,36
XZ_batch2_colony10_260606_1_crop_final_with_model_head_tail_1interval,colony10,Sucrose,3,7,MC3_MD7,Sucrose_MC3_MD7,28-31,28,H,28,31,H,31,HH,1745,9
XZ_batch2_colony10_260606_1_crop_final_with_model_head_tail_1interval,colony10,Sucrose,3,7,MC3_MD7,Sucrose_MC3_MD7,28-32,28,H,28,32,H,32,HH,1650,6
XZ_batch2_colony10_260606_1_crop_final_with_model_head_tail_1interval,colony10,Sucrose,3,7,MC3_MD7,Sucrose_MC3_MD7,28-33,28,H,28,33,H,33,HH,301,37
XZ_batch2_colony10_260606_1_crop_final_with_model_head_tail_1interval,colony10,Sucrose,3,7,MC3_MD7,Sucrose_MC3_MD7,28-34,28,H,28,34,H,34,HH,144,3
XZ_batch2_colony10_260606_1_crop_final_with_model_head_tail_1interval,colony10,Sucrose,3,7,MC3_MD7,Sucrose_MC3_MD7,28-35,28,H,28,35,H,35,HH,714,19
XZ_batch2_colony10_260606_1_crop_final_with_model_head_tail_1interval,colony10,Sucrose,3,7,MC3_MD7,Sucrose_MC3_MD7,28-36,28,H,28,36,H,36,HH,346,0
XZ_batch2_colony10_260606_1_crop_final_with_model_head_tail_1interval,colony10,Sucrose,3,7,MC3_MD7,Sucrose_MC3_MD7,28-39,28,H,28,39,H,39,HH,942,43
XZ_batch2_colony10_260606_1_crop_final_with_model_head_tail_1interval,colony10,Sucrose,3,7,MC3_MD7,Sucrose_MC3_MD7,28-4,28,H,28,4,MD,4,HMD,778,17
XZ_batch2_colony10_260606_1_crop_final_with_model_head_tail_1interval,colony10,Sucrose,3,7,MC3_MD7,Sucrose_MC3_MD7,28-40,28,H,28,40,H,40,HH,1276,58
XZ_batch2_colony10_260606_1_crop_final_with_model_head_tail_1interval,colony10,Sucrose,3,7,MC3_MD7,Sucrose_MC3_MD7,28-50,28,H,28,50,H,50,HH,952,56
XZ_batch2_colony10_260606_1_crop_final_with_model_head_tail_1interval,colony10,Sucrose,3,7,MC3_MD7,Sucrose_MC3_MD7,28-51,28,H,28,51,H,51,HH,537,15
XZ_batch2_colony10_260606_1_crop_final_with_model_head_tail_1interval,colony10,Sucrose,3,7,MC3_MD7,Sucrose_MC3_MD7,28-55,28,H,28,55,H,55,HH,258,18
XZ_batch2_colony10_260606_1_crop_final_with_model_head_tail_1interval,colony10,Sucrose,3,7,MC3_MD7,Sucrose_MC3_MD7,28-56,28,H,28,56,H,56,HH,7,1
XZ_batch2_colony10_260606_1_crop_final_with_model_head_tail_1interval,colony10,Sucrose,3,7,MC3_MD7,Sucrose_MC3_MD7,28-59,28,H,28,59,H,59,HH,385,66
XZ_batch2_colony10_260606_1_crop_final_with_model_head_tail_1interval,colony10,Sucrose,3,7,MC3_MD7,Sucrose_MC3_MD7,28-60,28,H,28,60,H,60,HH,249,6
XZ_batch2_colony10_260606_1_crop_final_with_model_head_tail_1interval,colony10,Sucrose,3,7,MC3_MD7,Sucrose_MC3_MD7,28-69,28,H,28,69,H,69,HH,314,0
XZ_batch2_colony10_260606_1_crop_final_with_model_head_tail_1interval,colony10,Sucrose,3,7,MC3_MD7,Sucrose_MC3_MD7,28-70,28,H,28,70,H,70,HH,298,0
XZ_batch2_colony10_260606_1_crop_final_with_model_head_tail_1interval,colony10,Sucrose,3,7,MC3_MD7,Sucrose_MC3_MD7,28-80,28,H,28,80,Q,80,HQ,1110,5
XZ_batch2_colony10_260606_1_crop_final_with_model_head_tail_1interval,colony10,Sucrose,3,7,MC3_MD7,Sucrose_MC3_MD7,28-90,28,H,28,90,MC,90,HMC,892,6
XZ_batch2_colony10_260606_1_crop_final_with_model_head_tail_1interval,colony10,Sucrose,3,7,MC3_MD7,Sucrose_MC3_MD7,28-92,28,H,28,92,MC,92,HMC,188,2
XZ_batch2_colony10_260606_1_crop_final_with_model_head_tail_1interval,colony10,Sucrose,3,7,MC3_MD7,Sucrose_MC3_MD7,28-93,28,H,28,93,MD,93,HMD,220,15
XZ_batch2_colony10_260606_1_crop_final_with_model_head_tail_1interval,colony10,Sucrose,3,7,MC3_MD7,Sucrose_MC3_MD7,28-94,28,H,28,94,MD,94,HMD,101,33
XZ_batch2_colony10_260606_1_crop_final_with_model_head_tail_1interval,colony10,Sucrose,3,7,MC3_MD7,Sucrose_MC3_MD7,28-95,28,H,28,95,MD,95,HMD,4,0
XZ_batch2_colony10_260606_1_crop_final_with_model_head_tail_1interval,colony10,Sucrose,3,7,MC3_MD7,Sucrose_MC3_MD7,3-31,3,MD,3,31,H,31,HMD,1643,11
XZ_batch2_colony10_260606_1_crop_final_with_model_head_tail_1interval,colony10,Sucrose,3,7,MC3_MD7,Sucrose_MC3_MD7,3-32,3,MD,3,32,H,32,HMD,3280,240
XZ_batch2_colony10_260606_1_crop_final_with_model_head_tail_1interval,colony10,Sucrose,3,7,MC3_MD7,Sucrose_MC3_MD7,3-33,3,MD,3,33,H,33,HMD,1215,56
XZ_batch2_colony10_260606_1_crop_final_with_model_head_tail_1interval,colony10,Sucrose,3,7,MC3_MD7,Sucrose_MC3_MD7,3-34,3,MD,3,34,H,34,HMD,942,3
XZ_batch2_colony10_260606_1_crop_final_with_model_head_tail_1interval,colony10,Sucrose,3,7,MC3_MD7,Sucrose_MC3_MD7,3-35,3,MD,3,35,H,35,HMD,2156,124
XZ_batch2_colony10_260606_1_crop_final_with_model_head_tail_1interval,colony10,Sucrose,3,7,MC3_MD7,Sucrose_MC3_MD7,3-36,3,MD,3,36,H,36,HMD,1419,84
XZ_batch2_colony10_260606_1_crop_final_with_model_head_tail_1interval,colony10,Sucrose,3,7,MC3_MD7,Sucrose_MC3_MD7,3-39,3,MD,3,39,H,39,HMD,1299,11
XZ_batch2_colony10_260606_1_crop_final_with_model_head_tail_1interval,colony10,Sucrose,3,7,MC3_MD7,Sucrose_MC3_MD7,3-4,3,MD,3,4,MD,4,MDMD,1261,79
XZ_batch2_colony10_260606_1_crop_final_with_model_head_tail_1interval,colony10,Sucrose,3,7,MC3_MD7,Sucrose_MC3_MD7,3-40,3,MD,3,40,H,40,HMD,1461,24
XZ_batch2_colony10_260606_1_crop_final_with_model_head_tail_1interval,colony10,Sucrose,3,7,MC3_MD7,Sucrose_MC3_MD7,3-50,3,MD,3,50,H,50,HMD,718,27
XZ_batch2_colony10_260606_1_crop_final_with_model_head_tail_1interval,colony10,Sucrose,3,7,MC3_MD7,Sucrose_MC3_MD7,3-51,3,MD,3,51,H,51,HMD,1672,18
XZ_batch2_colony10_260606_1_crop_final_with_model_head_tail_1interval,colony10,Sucrose,3,7,MC3_MD7,Sucrose_MC3_MD7,3-55,3,MD,3,55,H,55,HMD,881,29
XZ_batch2_colony10_260606_1_crop_final_with_model_head_tail_1interval,colony10,Sucrose,3,7,MC3_MD7,Sucrose_MC3_MD7,3-56,3,MD,3,56,H,56,HMD,38,0
XZ_batch2_colony10_260606_1_crop_final_with_model_head_tail_1interval,colony10,Sucrose,3,7,MC3_MD7,Sucrose_MC3_MD7,3-59,3,MD,3,59,H,59,HMD,763,62
XZ_batch2_colony10_260606_1_crop_final_with_model_head_tail_1interval,colony10,Sucrose,3,7,MC3_MD7,Sucrose_MC3_MD7,3-60,3,MD,3,60,H,60,HMD,753,25
XZ_batch2_colony10_260606_1_crop_final_with_model_head_tail_1interval,colony10,Sucrose,3,7,MC3_MD7,Sucrose_MC3_MD7,3-69,3,MD,3,69,H,69,HMD,586,14
XZ_batch2_colony10_260606_1_crop_final_with_model_head_tail_1interval,colony10,Sucrose,3,7,MC3_MD7,Sucrose_MC3_MD7,3-70,3,MD,3,70,H,70,HMD,1573,0
XZ_batch2_colony10_260606_1_crop_final_with_model_head_tail_1interval,colony10,Sucrose,3,7,MC3_MD7,Sucrose_MC3_MD7,3-80,3,MD,3,80,Q,80,MDQ,1152,29
XZ_batch2_colony10_260606_1_crop_final_with_model_head_tail_1interval,colony10,Sucrose,3,7,MC3_MD7,Sucrose_MC3_MD7,3-90,3,MD,3,90,MC,90,MCMD,2203,126
XZ_batch2_colony10_260606_1_crop_final_with_model_head_tail_1interval,colony10,Sucrose,3,7,MC3_MD7,Sucrose_MC3_MD7,3-92,3,MD,3,92,MC,92,MCMD,440,12
XZ_batch2_colony10_260606_1_crop_final_with_model_head_tail_1interval,colony10,Sucrose,3,7,MC3_MD7,Sucrose_MC3_MD7,3-93,3,MD,3,93,MD,93,MDMD,413,9
XZ_batch2_colony10_260606_1_crop_final_with_model_head_tail_1interval,colony10,Sucrose,3,7,MC3_MD7,Sucrose_MC3_MD7,3-94,3,MD,3,94,MD,94,MDMD,114,0
XZ_batch2_colony10_260606_1_crop_final_with_model_head_tail_1interval,colony10,Sucrose,3,7,MC3_MD7,Sucrose_MC3_MD7,3-95,3,MD,3,95,MD,95,MDMD,9,0
XZ_batch2_colony10_260606_1_crop_final_with_model_head_tail_1interval,colony10,Sucrose,3,7,MC3_MD7,Sucrose_MC3_MD7,31-32,31,H,31,32,H,32,HH,3111,107
XZ_batch2_colony10_260606_1_crop_final_with_model_head_tail_1interval,colony10,Sucrose,3,7,MC3_MD7,Sucrose_MC3_MD7,31-33,31,H,31,33,H,33,HH,1498,26
XZ_batch2_colony10_260606_1_crop_final_with_model_head_tail_1interval,colony10,Sucrose,3,7,MC3_MD7,Sucrose_MC3_MD7,31-34,31,H,31,34,H,34,HH,662,6
XZ_batch2_colony10_260606_1_crop_final_with_model_head_tail_1interval,colony10,Sucrose,3,7,MC3_MD7,Sucrose_MC3_MD7,31-35,31,H,31,35,H,35,HH,1550,60
XZ_batch2_colony10_260606_1_crop_final_with_model_head_tail_1interval,colony10,Sucrose,3,7,MC3_MD7,Sucrose_MC3_MD7,31-36,31,H,31,36,H,36,HH,463,6
XZ_batch2_colony10_260606_1_crop_final_with_model_head_tail_1interval,colony10,Sucrose,3,7,MC3_MD7,Sucrose_MC3_MD7,31-39,31,H,31,39,H,39,HH,1942,71
XZ_batch2_colony10_260606_1_crop_final_with_model_head_tail_1interval,colony10,Sucrose,3,7,MC3_MD7,Sucrose_MC3_MD7,31-4,31,H,31,4,MD,4,HMD,3117,171
XZ_batch2_colony10_260606_1_crop_final_with_model_head_tail_1interval,colony10,Sucrose,3,7,MC3_MD7,Sucrose_MC3_MD7,31-40,31,H,31,40,H,40,HH,1521,29
XZ_batch2_colony10_260606_1_crop_final_with_model_head_tail_1interval,colony10,Sucrose,3,7,MC3_MD7,Sucrose_MC3_MD7,31-50,31,H,31,50,H,50,HH,1334,10
XZ_batch2_colony10_260606_1_crop_final_with_model_head_tail_1interval,colony10,Sucrose,3,7,MC3_MD7,Sucrose_MC3_MD7,31-51,31,H,31,51,H,51,HH,1064,3
XZ_batch2_colony10_260606_1_crop_final_with_model_head_tail_1interval,colony10,Sucrose,3,7,MC3_MD7,Sucrose_MC3_MD7,31-55,31,H,31,55,H,55,HH,277,0
XZ_batch2_colony10_260606_1_crop_final_with_model_head_tail_1interval,colony10,Sucrose,3,7,MC3_MD7,Sucrose_MC3_MD7,31-56,31,H,31,56,H,56,HH,21,0
XZ_batch2_colony10_260606_1_crop_final_with_model_head_tail_1interval,colony10,Sucrose,3,7,MC3_MD7,Sucrose_MC3_MD7,31-59,31,H,31,59,H,59,HH,892,46
XZ_batch2_colony10_260606_1_crop_final_with_model_head_tail_1interval,colony10,Sucrose,3,7,MC3_MD7,Sucrose_MC3_MD7,31-60,31,H,31,60,H,60,HH,956,8
XZ_batch2_colony10_260606_1_crop_final_with_model_head_tail_1interval,colony10,Sucrose,3,7,MC3_MD7,Sucrose_MC3_MD7,31-69,31,H,31,69,H,69,HH,964,2
XZ_batch2_colony10_260606_1_crop_final_with_model_head_tail_1interval,colony10,Sucrose,3,7,MC3_MD7,Sucrose_MC3_MD7,31-70,31,H,31,70,H,70,HH,229,4
XZ_batch2_colony10_260606_1_crop_final_with_model_head_tail_1interval,colony10,Sucrose,3,7,MC3_MD7,Sucrose_MC3_MD7,31-80,31,H,31,80,Q,80,HQ,2526,58
XZ_batch2_colony10_260606_1_crop_final_with_model_head_tail_1interval,colony10,Sucrose,3,7,MC3_MD7,Sucrose_MC3_MD7,31-90,31,H,31,90,MC,90,HMC,1253,35
XZ_batch2_colony10_260606_1_crop_final_with_model_head_tail_1interval,colony10,Sucrose,3,7,MC3_MD7,Sucrose_MC3_MD7,31-92,31,H,31,92,MC,92,HMC,505,37
XZ_batch2_colony10_260606_1_crop_final_with_model_head_tail_1interval,colony10,Sucrose,3,7,MC3_MD7,Sucrose_MC3_MD7,31-93,31,H,31,93,MD,93,HMD,695,16
XZ_batch2_colony10_260606_1_crop_final_with_model_head_tail_1interval,colony10,Sucrose,3,7,MC3_MD7,Sucrose_MC3_MD7,31-94,31,H,31,94,MD,94,HMD,315,26
XZ_batch2_colony10_260606_1_crop_final_with_model_head_tail_1interval,colony10,Sucrose,3,7,MC3_MD7,Sucrose_MC3_MD7,31-95,31,H,31,95,MD,95,HMD,10,0
XZ_batch2_colony10_260606_1_crop_final_with_model_head_tail_1interval,colony10,Sucrose,3,7,MC3_MD7,Sucrose_MC3_MD7,32-33,32,H,32,33,H,33,HH,1270,24
XZ_batch2_colony10_260606_1_crop_final_with_model_head_tail_1interval,colony10,Sucrose,3,7,MC3_MD7,Sucrose_MC3_MD7,32-34,32,H,32,34,H,34,HH,1226,18
XZ_batch2_colony10_260606_1_crop_final_with_model_head_tail_1interval,colony10,Sucrose,3,7,MC3_MD7,Sucrose_MC3_MD7,32-35,32,H,32,35,H,35,HH,1827,19
XZ_batch2_colony10_260606_1_crop_final_with_model_head_tail_1interval,colony10,Sucrose,3,7,MC3_MD7,Sucrose_MC3_MD7,32-36,32,H,32,36,H,36,HH,1583,54
XZ_batch2_colony10_260606_1_crop_final_with_model_head_tail_1interval,colony10,Sucrose,3,7,MC3_MD7,Sucrose_MC3_MD7,32-39,32,H,32,39,H,39,HH,1660,25
XZ_batch2_colony10_260606_1_crop_final_with_model_head_tail_1interval,colony10,Sucrose,3,7,MC3_MD7,Sucrose_MC3_MD7,32-4,32,H,32,4,MD,4,HMD,2607,63
XZ_batch2_colony10_260606_1_crop_final_with_model_head_tail_1interval,colony10,Sucrose,3,7,MC3_MD7,Sucrose_MC3_MD7,32-40,32,H,32,40,H,40,HH,1348,96
XZ_batch2_colony10_260606_1_crop_final_with_model_head_tail_1interval,colony10,Sucrose,3,7,MC3_MD7,Sucrose_MC3_MD7,32-50,32,H,32,50,H,50,HH,777,24
XZ_batch2_colony10_260606_1_crop_final_with_model_head_tail_1interval,colony10,Sucrose,3,7,MC3_MD7,Sucrose_MC3_MD7,32-51,32,H,32,51,H,51,HH,1949,238
XZ_batch2_colony10_260606_1_crop_final_with_model_head_tail_1interval,colony10,Sucrose,3,7,MC3_MD7,Sucrose_MC3_MD7,32-55,32,H,32,55,H,55,HH,887,0
XZ_batch2_colony10_260606_1_crop_final_with_model_head_tail_1interval,colony10,Sucrose,3,7,MC3_MD7,Sucrose_MC3_MD7,32-56,32,H,32,56,H,56,HH,35,1
XZ_batch2_colony10_260606_1_crop_final_with_model_head_tail_1interval,colony10,Sucrose,3,7,MC3_MD7,Sucrose_MC3_MD7,32-59,32,H,32,59,H,59,HH,899,1
XZ_batch2_colony10_260606_1_crop_final_with_model_head_tail_1interval,colony10,Sucrose,3,7,MC3_MD7,Sucrose_MC3_MD7,32-60,32,H,32,60,H,60,HH,899,24
XZ_batch2_colony10_260606_1_crop_final_with_model_head_tail_1interval,colony10,Sucrose,3,7,MC3_MD7,Sucrose_MC3_MD7,32-69,32,H,32,69,H,69,HH,502,4
XZ_batch2_colony10_260606_1_crop_final_with_model_head_tail_1interval,colony10,Sucrose,3,7,MC3_MD7,Sucrose_MC3_MD7,32-70,32,H,32,70,H,70,HH,1270,1
XZ_batch2_colony10_260606_1_crop_final_with_model_head_tail_1interval,colony10,Sucrose,3,7,MC3_MD7,Sucrose_MC3_MD7,32-80,32,H,32,80,Q,80,HQ,2251,441
XZ_batch2_colony10_260606_1_crop_final_with_model_head_tail_1interval,colony10,Sucrose,3,7,MC3_MD7,Sucrose_MC3_MD7,32-90,32,H,32,90,MC,90,HMC,1786,21
XZ_batch2_colony10_260606_1_crop_final_with_model_head_tail_1interval,colony10,Sucrose,3,7,MC3_MD7,Sucrose_MC3_MD7,32-92,32,H,32,92,MC,92,HMC,467,0
XZ_batch2_colony10_260606_1_crop_final_with_model_head_tail_1interval,colony10,Sucrose,3,7,MC3_MD7,Sucrose_MC3_MD7,32-93,32,H,32,93,MD,93,HMD,487,30
XZ_batch2_colony10_260606_1_crop_final_with_model_head_tail_1interval,colony10,Sucrose,3,7,MC3_MD7,Sucrose_MC3_MD7,32-94,32,H,32,94,MD,94,HMD,256,0
XZ_batch2_colony10_260606_1_crop_final_with_model_head_tail_1interval,colony10,Sucrose,3,7,MC3_MD7,Sucrose_MC3_MD7,32-95,32,H,32,95,MD,95,HMD,10,0
XZ_batch2_colony10_260606_1_crop_final_with_model_head_tail_1interval,colony10,Sucrose,3,7,MC3_MD7,Sucrose_MC3_MD7,33-34,33,H,33,34,H,34,HH,951,3
XZ_batch2_colony10_260606_1_crop_final_with_model_head_tail_1interval,colony10,Sucrose,3,7,MC3_MD7,Sucrose_MC3_MD7,33-35,33,H,33,35,H,35,HH,1158,59
XZ_batch2_colony10_260606_1_crop_final_with_model_head_tail_1interval,colony10,Sucrose,3,7,MC3_MD7,Sucrose_MC3_MD7,33-36,33,H,33,36,H,36,HH,667,11
XZ_batch2_colony10_260606_1_crop_final_with_model_head_tail_1interval,colony10,Sucrose,3,7,MC3_MD7,Sucrose_MC3_MD7,33-39,33,H,33,39,H,39,HH,1004,20
XZ_batch2_colony10_260606_1_crop_final_with_model_head_tail_1interval,colony10,Sucrose,3,7,MC3_MD7,Sucrose_MC3_MD7,33-4,33,H,33,4,MD,4,HMD,1416,21
XZ_batch2_colony10_260606_1_crop_final_with_model_head_tail_1interval,colony10,Sucrose,3,7,MC3_MD7,Sucrose_MC3_MD7,33-40,33,H,33,40,H,40,HH,628,6
XZ_batch2_colony10_260606_1_crop_final_with_model_head_tail_1interval,colony10,Sucrose,3,7,MC3_MD7,Sucrose_MC3_MD7,33-50,33,H,33,50,H,50,HH,492,40
XZ_batch2_colony10_260606_1_crop_final_with_model_head_tail_1interval,colony10,Sucrose,3,7,MC3_MD7,Sucrose_MC3_MD7,33-51,33,H,33,51,H,51,HH,585,0
XZ_batch2_colony10_260606_1_crop_final_with_model_head_tail_1interval,colony10,Sucrose,3,7,MC3_MD7,Sucrose_MC3_MD7,33-55,33,H,33,55,H,55,HH,174,8
XZ_batch2_colony10_260606_1_crop_final_with_model_head_tail_1interval,colony10,Sucrose,3,7,MC3_MD7,Sucrose_MC3_MD7,33-56,33,H,33,56,H,56,HH,10,0
XZ_batch2_colony10_260606_1_crop_final_with_model_head_tail_1interval,colony10,Sucrose,3,7,MC3_MD7,Sucrose_MC3_MD7,33-59,33,H,33,59,H,59,HH,539,5
XZ_batch2_colony10_260606_1_crop_final_with_model_head_tail_1interval,colony10,Sucrose,3,7,MC3_MD7,Sucrose_MC3_MD7,33-60,33,H,33,60,H,60,HH,787,28
XZ_batch2_colony10_260606_1_crop_final_with_model_head_tail_1interval,colony10,Sucrose,3,7,MC3_MD7,Sucrose_MC3_MD7,33-69,33,H,33,69,H,69,HH,989,54
XZ_batch2_colony10_260606_1_crop_final_with_model_head_tail_1interval,colony10,Sucrose,3,7,MC3_MD7,Sucrose_MC3_MD7,33-70,33,H,33,70,H,70,HH,347,0
XZ_batch2_colony10_260606_1_crop_final_with_model_head_tail_1interval,colony10,Sucrose,3,7,MC3_MD7,Sucrose_MC3_MD7,33-80,33,H,33,80,Q,80,HQ,1121,3
XZ_batch2_colony10_260606_1_crop_final_with_model_head_tail_1interval,colony10,Sucrose,3,7,MC3_MD7,Sucrose_MC3_MD7,33-90,33,H,33,90,MC,90,HMC,761,5
XZ_batch2_colony10_260606_1_crop_final_with_model_head_tail_1interval,colony10,Sucrose,3,7,MC3_MD7,Sucrose_MC3_MD7,33-92,33,H,33,92,MC,92,HMC,432,51
XZ_batch2_colony10_260606_1_crop_final_with_model_head_tail_1interval,colony10,Sucrose,3,7,MC3_MD7,Sucrose_MC3_MD7,33-93,33,H,33,93,MD,93,HMD,629,33
XZ_batch2_colony10_260606_1_crop_final_with_model_head_tail_1interval,colony10,Sucrose,3,7,MC3_MD7,Sucrose_MC3_MD7,33-94,33,H,33,94,MD,94,HMD,71,0
XZ_batch2_colony10_260606_1_crop_final_with_model_head_tail_1interval,colony10,Sucrose,3,7,MC3_MD7,Sucrose_MC3_MD7,33-95,33,H,33,95,MD,95,HMD,3,0
XZ_batch2_colony10_260606_1_crop_final_with_model_head_tail_1interval,colony10,Sucrose,3,7,MC3_MD7,Sucrose_MC3_MD7,34-35,34,H,34,35,H,35,HH,815,6
XZ_batch2_colony10_260606_1_crop_final_with_model_head_tail_1interval,colony10,Sucrose,3,7,MC3_MD7,Sucrose_MC3_MD7,34-36,34,H,34,36,H,36,HH,1138,24
XZ_batch2_colony10_260606_1_crop_final_with_model_head_tail_1interval,colony10,Sucrose,3,7,MC3_MD7,Sucrose_MC3_MD7,34-39,34,H,34,39,H,39,HH,758,15
XZ_batch2_colony10_260606_1_crop_final_with_model_head_tail_1interval,colony10,Sucrose,3,7,MC3_MD7,Sucrose_MC3_MD7,34-4,34,H,34,4,MD,4,HMD,916,72
XZ_batch2_colony10_260606_1_crop_final_with_model_head_tail_1interval,colony10,Sucrose,3,7,MC3_MD7,Sucrose_MC3_MD7,34-40,34,H,34,40,H,40,HH,269,26
XZ_batch2_colony10_260606_1_crop_final_with_model_head_tail_1interval,colony10,Sucrose,3,7,MC3_MD7,Sucrose_MC3_MD7,34-50,34,H,34,50,H,50,HH,451,2
XZ_batch2_colony10_260606_1_crop_final_with_model_head_tail_1interval,colony10,Sucrose,3,7,MC3_MD7,Sucrose_MC3_MD7,34-51,34,H,34,51,H,51,HH,939,28
XZ_batch2_colony10_260606_1_crop_final_with_model_head_tail_1interval,colony10,Sucrose,3,7,MC3_MD7,Sucrose_MC3_MD7,34-55,34,H,34,55,H,55,HH,204,1
XZ_batch2_colony10_260606_1_crop_final_with_model_head_tail_1interval,colony10,Sucrose,3,7,MC3_MD7,Sucrose_MC3_MD7,34-56,34,H,34,56,H,56,HH,13,0
XZ_batch2_colony10_260606_1_crop_final_with_model_head_tail_1interval,colony10,Sucrose,3,7,MC3_MD7,Sucrose_MC3_MD7,34-59,34,H,34,59,H,59,HH,118,0
XZ_batch2_colony10_260606_1_crop_final_with_model_head_tail_1interval,colony10,Sucrose,3,7,MC3_MD7,Sucrose_MC3_MD7,34-60,34,H,34,60,H,60,HH,355,1
XZ_batch2_colony10_260606_1_crop_final_with_model_head_tail_1interval,colony10,Sucrose,3,7,MC3_MD7,Sucrose_MC3_MD7,34-69,34,H,34,69,H,69,HH,389,0
XZ_batch2_colony10_260606_1_crop_final_with_model_head_tail_1interval,colony10,Sucrose,3,7,MC3_MD7,Sucrose_MC3_MD7,34-70,34,H,34,70,H,70,HH,282,0
XZ_batch2_colony10_260606_1_crop_final_with_model_head_tail_1interval,colony10,Sucrose,3,7,MC3_MD7,Sucrose_MC3_MD7,34-80,34,H,34,80,Q,80,HQ,705,68
XZ_batch2_colony10_260606_1_crop_final_with_model_head_tail_1interval,colony10,Sucrose,3,7,MC3_MD7,Sucrose_MC3_MD7,34-90,34,H,34,90,MC,90,HMC,1039,58
XZ_batch2_colony10_260606_1_crop_final_with_model_head_tail_1interval,colony10,Sucrose,3,7,MC3_MD7,Sucrose_MC3_MD7,34-92,34,H,34,92,MC,92,HMC,407,10
XZ_batch2_colony10_260606_1_crop_final_with_model_head_tail_1interval,colony10,Sucrose,3,7,MC3_MD7,Sucrose_MC3_MD7,34-93,34,H,34,93,MD,93,HMD,364,10
XZ_batch2_colony10_260606_1_crop_final_with_model_head_tail_1interval,colony10,Sucrose,3,7,MC3_MD7,Sucrose_MC3_MD7,34-94,34,H,34,94,MD,94,HMD,167,0
XZ_batch2_colony10_260606_1_crop_final_with_model_head_tail_1interval,colony10,Sucrose,3,7,MC3_MD7,Sucrose_MC3_MD7,34-95,34,H,34,95,MD,95,HMD,9,0
XZ_batch2_colony10_260606_1_crop_final_with_model_head_tail_1interval,colony10,Sucrose,3,7,MC3_MD7,Sucrose_MC3_MD7,35-36,35,H,35,36,H,36,HH,660,23
XZ_batch2_colony10_260606_1_crop_final_with_model_head_tail_1interval,colony10,Sucrose,3,7,MC3_MD7,Sucrose_MC3_MD7,35-39,35,H,35,39,H,39,HH,875,0
XZ_batch2_colony10_260606_1_crop_final_with_model_head_tail_1interval,colony10,Sucrose,3,7,MC3_MD7,Sucrose_MC3_MD7,35-4,35,H,35,4,MD,4,HMD,1316,36
XZ_batch2_colony10_260606_1_crop_final_with_model_head_tail_1interval,colony10,Sucrose,3,7,MC3_MD7,Sucrose_MC3_MD7,35-40,35,H,35,40,H,40,HH,1401,86
XZ_batch2_colony10_260606_1_crop_final_with_model_head_tail_1interval,colony10,Sucrose,3,7,MC3_MD7,Sucrose_MC3_MD7,35-50,35,H,35,50,H,50,HH,651,8
XZ_batch2_colony10_260606_1_crop_final_with_model_head_tail_1interval,colony10,Sucrose,3,7,MC3_MD7,Sucrose_MC3_MD7,35-51,35,H,35,51,H,51,HH,1070,1
XZ_batch2_colony10_260606_1_crop_final_with_model_head_tail_1interval,colony10,Sucrose,3,7,MC3_MD7,Sucrose_MC3_MD7,35-55,35,H,35,55,H,55,HH,365,32
XZ_batch2_colony10_260606_1_crop_final_with_model_head_tail_1interval,colony10,Sucrose,3,7,MC3_MD7,Sucrose_MC3_MD7,35-56,35,H,35,56,H,56,HH,2,0
XZ_batch2_colony10_260606_1_crop_final_with_model_head_tail_1interval,colony10,Sucrose,3,7,MC3_MD7,Sucrose_MC3_MD7,35-59,35,H,35,59,H,59,HH,307,10
XZ_batch2_colony10_260606_1_crop_final_with_model_head_tail_1interval,colony10,Sucrose,3,7,MC3_MD7,Sucrose_MC3_MD7,35-60,35,H,35,60,H,60,HH,562,9
XZ_batch2_colony10_260606_1_crop_final_with_model_head_tail_1interval,colony10,Sucrose,3,7,MC3_MD7,Sucrose_MC3_MD7,35-69,35,H,35,69,H,69,HH,638,11
XZ_batch2_colony10_260606_1_crop_final_with_model_head_tail_1interval,colony10,Sucrose,3,7,MC3_MD7,Sucrose_MC3_MD7,35-70,35,H,35,70,H,70,HH,933,15
XZ_batch2_colony10_260606_1_crop_final_with_model_head_tail_1interval,colony10,Sucrose,3,7,MC3_MD7,Sucrose_MC3_MD7,35-80,35,H,35,80,Q,80,HQ,1227,18
XZ_batch2_colony10_260606_1_crop_final_with_model_head_tail_1interval,colony10,Sucrose,3,7,MC3_MD7,Sucrose_MC3_MD7,35-90,35,H,35,90,MC,90,HMC,815,7
XZ_batch2_colony10_260606_1_crop_final_with_model_head_tail_1interval,colony10,Sucrose,3,7,MC3_MD7,Sucrose_MC3_MD7,35-92,35,H,35,92,MC,92,HMC,408,0
XZ_batch2_colony10_260606_1_crop_final_with_model_head_tail_1interval,colony10,Sucrose,3,7,MC3_MD7,Sucrose_MC3_MD7,35-93,35,H,35,93,MD,93,HMD,654,0
XZ_batch2_colony10_260606_1_crop_final_with_model_head_tail_1interval,colony10,Sucrose,3,7,MC3_MD7,Sucrose_MC3_MD7,35-94,35,H,35,94,MD,94,HMD,226,3
XZ_batch2_colony10_260606_1_crop_final_with_model_head_tail_1interval,colony10,Sucrose,3,7,MC3_MD7,Sucrose_MC3_MD7,35-95,35,H,35,95,MD,95,HMD,5,0
XZ_batch2_colony10_260606_1_crop_final_with_model_head_tail_1interval,colony10,Sucrose,3,7,MC3_MD7,Sucrose_MC3_MD7,36-39,36,H,36,39,H,39,HH,834,19
XZ_batch2_colony10_260606_1_crop_final_with_model_head_tail_1interval,colony10,Sucrose,3,7,MC3_MD7,Sucrose_MC3_MD7,36-4,36,H,36,4,MD,4,HMD,857,15
XZ_batch2_colony10_260606_1_crop_final_with_model_head_tail_1interval,colony10,Sucrose,3,7,MC3_MD7,Sucrose_MC3_MD7,36-40,36,H,36,40,H,40,HH,111,0
XZ_batch2_colony10_260606_1_crop_final_with_model_head_tail_1interval,colony10,Sucrose,3,7,MC3_MD7,Sucrose_MC3_MD7,36-50,36,H,36,50,H,50,HH,77,0
XZ_batch2_colony10_260606_1_crop_final_with_model_head_tail_1interval,colony10,Sucrose,3,7,MC3_MD7,Sucrose_MC3_MD7,36-51,36,H,36,51,H,51,HH,835,18
XZ_batch2_colony10_260606_1_crop_final_with_model_head_tail_1interval,colony10,Sucrose,3,7,MC3_MD7,Sucrose_MC3_MD7,36-55,36,H,36,55,H,55,HH,308,0
XZ_batch2_colony10_260606_1_crop_final_with_model_head_tail_1interval,colony10,Sucrose,3,7,MC3_MD7,Sucrose_MC3_MD7,36-56,36,H,36,56,H,56,HH,4,0
XZ_batch2_colony10_260606_1_crop_final_with_model_head_tail_1interval,colony10,Sucrose,3,7,MC3_MD7,Sucrose_MC3_MD7,36-59,36,H,36,59,H,59,HH,103,4
XZ_batch2_colony10_260606_1_crop_final_with_model_head_tail_1interval,colony10,Sucrose,3,7,MC3_MD7,Sucrose_MC3_MD7,36-60,36,H,36,60,H,60,HH,506,0
XZ_batch2_colony10_260606_1_crop_final_with_model_head_tail_1interval,colony10,Sucrose,3,7,MC3_MD7,Sucrose_MC3_MD7,36-69,36,H,36,69,H,69,HH,121,0
XZ_batch2_colony10_260606_1_crop_final_with_model_head_tail_1interval,colony10,Sucrose,3,7,MC3_MD7,Sucrose_MC3_MD7,36-70,36,H,36,70,H,70,HH,541,1
XZ_batch2_colony10_260606_1_crop_final_with_model_head_tail_1interval,colony10,Sucrose,3,7,MC3_MD7,Sucrose_MC3_MD7,36-80,36,H,36,80,Q,80,HQ,459,57
XZ_batch2_colony10_260606_1_crop_final_with_model_head_tail_1interval,colony10,Sucrose,3,7,MC3_MD7,Sucrose_MC3_MD7,36-90,36,H,36,90,MC,90,HMC,1582,78
XZ_batch2_colony10_260606_1_crop_final_with_model_head_tail_1interval,colony10,Sucrose,3,7,MC3_MD7,Sucrose_MC3_MD7,36-92,36,H,36,92,MC,92,HMC,210,0
XZ_batch2_colony10_260606_1_crop_final_with_model_head_tail_1interval,colony10,Sucrose,3,7,MC3_MD7,Sucrose_MC3_MD7,36-93,36,H,36,93,MD,93,HMD,156,1
XZ_batch2_colony10_260606_1_crop_final_with_model_head_tail_1interval,colony10,Sucrose,3,7,MC3_MD7,Sucrose_MC3_MD7,36-94,36,H,36,94,MD,94,HMD,110,2
XZ_batch2_colony10_260606_1_crop_final_with_model_head_tail_1interval,colony10,Sucrose,3,7,MC3_MD7,Sucrose_MC3_MD7,36-95,36,H,36,95,MD,95,HMD,9,0
XZ_batch2_colony10_260606_1_crop_final_with_model_head_tail_1interval,colony10,Sucrose,3,7,MC3_MD7,Sucrose_MC3_MD7,39-4,39,H,39,4,MD,4,HMD,1587,71
XZ_batch2_colony10_260606_1_crop_final_with_model_head_tail_1interval,colony10,Sucrose,3,7,MC3_MD7,Sucrose_MC3_MD7,39-40,39,H,39,40,H,40,HH,1055,12
XZ_batch2_colony10_260606_1_crop_final_with_model_head_tail_1interval,colony10,Sucrose,3,7,MC3_MD7,Sucrose_MC3_MD7,39-50,39,H,39,50,H,50,HH,1084,4
XZ_batch2_colony10_260606_1_crop_final_with_model_head_tail_1interval,colony10,Sucrose,3,7,MC3_MD7,Sucrose_MC3_MD7,39-51,39,H,39,51,H,51,HH,1188,4
XZ_batch2_colony10_260606_1_crop_final_with_model_head_tail_1interval,colony10,Sucrose,3,7,MC3_MD7,Sucrose_MC3_MD7,39-55,39,H,39,55,H,55,HH,334,5
XZ_batch2_colony10_260606_1_crop_final_with_model_head_tail_1interval,colony10,Sucrose,3,7,MC3_MD7,Sucrose_MC3_MD7,39-56,39,H,39,56,H,56,HH,7,0
XZ_batch2_colony10_260606_1_crop_final_with_model_head_tail_1interval,colony10,Sucrose,3,7,MC3_MD7,Sucrose_MC3_MD7,39-59,39,H,39,59,H,59,HH,541,0
XZ_batch2_colony10_260606_1_crop_final_with_model_head_tail_1interval,colony10,Sucrose,3,7,MC3_MD7,Sucrose_MC3_MD7,39-60,39,H,39,60,H,60,HH,698,6
XZ_batch2_colony10_260606_1_crop_final_with_model_head_tail_1interval,colony10,Sucrose,3,7,MC3_MD7,Sucrose_MC3_MD7,39-69,39,H,39,69,H,69,HH,602,3
XZ_batch2_colony10_260606_1_crop_final_with_model_head_tail_1interval,colony10,Sucrose,3,7,MC3_MD7,Sucrose_MC3_MD7,39-70,39,H,39,70,H,70,HH,471,11
XZ_batch2_colony10_260606_1_crop_final_with_model_head_tail_1interval,colony10,Sucrose,3,7,MC3_MD7,Sucrose_MC3_MD7,39-80,39,H,39,80,Q,80,HQ,1328,0
XZ_batch2_colony10_260606_1_crop_final_with_model_head_tail_1interval,colony10,Sucrose,3,7,MC3_MD7,Sucrose_MC3_MD7,39-90,39,H,39,90,MC,90,HMC,1142,22
XZ_batch2_colony10_260606_1_crop_final_with_model_head_tail_1interval,colony10,Sucrose,3,7,MC3_MD7,Sucrose_MC3_MD7,39-92,39,H,39,92,MC,92,HMC,297,0
XZ_batch2_colony10_260606_1_crop_final_with_model_head_tail_1interval,colony10,Sucrose,3,7,MC3_MD7,Sucrose_MC3_MD7,39-93,39,H,39,93,MD,93,HMD,570,0
XZ_batch2_colony10_260606_1_crop_final_with_model_head_tail_1interval,colony10,Sucrose,3,7,MC3_MD7,Sucrose_MC3_MD7,39-94,39,H,39,94,MD,94,HMD,129,0
XZ_batch2_colony10_260606_1_crop_final_with_model_head_tail_1interval,colony10,Sucrose,3,7,MC3_MD7,Sucrose_MC3_MD7,39-95,39,H,39,95,MD,95,HMD,4,0
XZ_batch2_colony10_260606_1_crop_final_with_model_head_tail_1interval,colony10,Sucrose,3,7,MC3_MD7,Sucrose_MC3_MD7,4-40,4,MD,4,40,H,40,HMD,658,10
XZ_batch2_colony10_260606_1_crop_final_with_model_head_tail_1interval,colony10,Sucrose,3,7,MC3_MD7,Sucrose_MC3_MD7,4-50,4,MD,4,50,H,50,HMD,702,0
XZ_batch2_colony10_260606_1_crop_final_with_model_head_tail_1interval,colony10,Sucrose,3,7,MC3_MD7,Sucrose_MC3_MD7,4-51,4,MD,4,51,H,51,HMD,651,10
XZ_batch2_colony10_260606_1_crop_final_with_model_head_tail_1interval,colony10,Sucrose,3,7,MC3_MD7,Sucrose_MC3_MD7,4-55,4,MD,4,55,H,55,HMD,533,68
XZ_batch2_colony10_260606_1_crop_final_with_model_head_tail_1interval,colony10,Sucrose,3,7,MC3_MD7,Sucrose_MC3_MD7,4-56,4,MD,4,56,H,56,HMD,20,1
XZ_batch2_colony10_260606_1_crop_final_with_model_head_tail_1interval,colony10,Sucrose,3,7,MC3_MD7,Sucrose_MC3_MD7,4-59,4,MD,4,59,H,59,HMD,983,24
XZ_batch2_colony10_260606_1_crop_final_with_model_head_tail_1interval,colony10,Sucrose,3,7,MC3_MD7,Sucrose_MC3_MD7,4-60,4,MD,4,60,H,60,HMD,1003,15
XZ_batch2_colony10_260606_1_crop_final_with_model_head_tail_1interval,colony10,Sucrose,3,7,MC3_MD7,Sucrose_MC3_MD7,4-69,4,MD,4,69,H,69,HMD,679,5
XZ_batch2_colony10_260606_1_crop_final_with_model_head_tail_1interval,colony10,Sucrose,3,7,MC3_MD7,Sucrose_MC3_MD7,4-70,4,MD,4,70,H,70,HMD,337,0
XZ_batch2_colony10_260606_1_crop_final_with_model_head_tail_1interval,colony10,Sucrose,3,7,MC3_MD7,Sucrose_MC3_MD7,4-80,4,MD,4,80,Q,80,MDQ,2441,87
XZ_batch2_colony10_260606_1_crop_final_with_model_head_tail_1interval,colony10,Sucrose,3,7,MC3_MD7,Sucrose_MC3_MD7,4-90,4,MD,4,90,MC,90,MCMD,1147,13
XZ_batch2_colony10_260606_1_crop_final_with_model_head_tail_1interval,colony10,Sucrose,3,7,MC3_MD7,Sucrose_MC3_MD7,4-92,4,MD,4,92,MC,92,MCMD,580,2
XZ_batch2_colony10_260606_1_crop_final_with_model_head_tail_1interval,colony10,Sucrose,3,7,MC3_MD7,Sucrose_MC3_MD7,4-93,4,MD,4,93,MD,93,MDMD,566,23
XZ_batch2_colony10_260606_1_crop_final_with_model_head_tail_1interval,colony10,Sucrose,3,7,MC3_MD7,Sucrose_MC3_MD7,4-94,4,MD,4,94,MD,94,MDMD,304,33
XZ_batch2_colony10_260606_1_crop_final_with_model_head_tail_1interval,colony10,Sucrose,3,7,MC3_MD7,Sucrose_MC3_MD7,4-95,4,MD,4,95,MD,95,MDMD,12,0
XZ_batch2_colony10_260606_1_crop_final_with_model_head_tail_1interval,colony10,Sucrose,3,7,MC3_MD7,Sucrose_MC3_MD7,40-50,40,H,40,50,H,50,HH,1811,92
XZ_batch2_colony10_260606_1_crop_final_with_model_head_tail_1interval,colony10,Sucrose,3,7,MC3_MD7,Sucrose_MC3_MD7,40-51,40,H,40,51,H,51,HH,1473,106
XZ_batch2_colony10_260606_1_crop_final_with_model_head_tail_1interval,colony10,Sucrose,3,7,MC3_MD7,Sucrose_MC3_MD7,40-55,40,H,40,55,H,55,HH,438,10
XZ_batch2_colony10_260606_1_crop_final_with_model_head_tail_1interval,colony10,Sucrose,3,7,MC3_MD7,Sucrose_MC3_MD7,40-56,40,H,40,56,H,56,HH,5,0
XZ_batch2_colony10_260606_1_crop_final_with_model_head_tail_1interval,colony10,Sucrose,3,7,MC3_MD7,Sucrose_MC3_MD7,40-59,40,H,40,59,H,59,HH,436,14
XZ_batch2_colony10_260606_1_crop_final_with_model_head_tail_1interval,colony10,Sucrose,3,7,MC3_MD7,Sucrose_MC3_MD7,40-60,40,H,40,60,H,60,HH,514,0
XZ_batch2_colony10_260606_1_crop_final_with_model_head_tail_1interval,colony10,Sucrose,3,7,MC3_MD7,Sucrose_MC3_MD7,40-69,40,H,40,69,H,69,HH,765,65
XZ_batch2_colony10_260606_1_crop_final_with_model_head_tail_1interval,colony10,Sucrose,3,7,MC3_MD7,Sucrose_MC3_MD7,40-70,40,H,40,70,H,70,HH,573,0
XZ_batch2_colony10_260606_1_crop_final_with_model_head_tail_1interval,colony10,Sucrose,3,7,MC3_MD7,Sucrose_MC3_MD7,40-80,40,H,40,80,Q,80,HQ,1552,107
XZ_batch2_colony10_260606_1_crop_final_with_model_head_tail_1interval,colony10,Sucrose,3,7,MC3_MD7,Sucrose_MC3_MD7,40-90,40,H,40,90,MC,90,HMC,305,6
XZ_batch2_colony10_260606_1_crop_final_with_model_head_tail_1interval,colony10,Sucrose,3,7,MC3_MD7,Sucrose_MC3_MD7,40-92,40,H,40,92,MC,92,HMC,234,7
XZ_batch2_colony10_260606_1_crop_final_with_model_head_tail_1interval,colony10,Sucrose,3,7,MC3_MD7,Sucrose_MC3_MD7,40-93,40,H,40,93,MD,93,HMD,1187,54
XZ_batch2_colony10_260606_1_crop_final_with_model_head_tail_1interval,colony10,Sucrose,3,7,MC3_MD7,Sucrose_MC3_MD7,40-94,40,H,40,94,MD,94,HMD,88,0
XZ_batch2_colony10_260606_1_crop_final_with_model_head_tail_1interval,colony10,Sucrose,3,7,MC3_MD7,Sucrose_MC3_MD7,40-95,40,H,40,95,MD,95,HMD,4,0
XZ_batch2_colony10_260606_1_crop_final_with_model_head_tail_1interval,colony10,Sucrose,3,7,MC3_MD7,Sucrose_MC3_MD7,50-51,50,H,50,51,H,51,HH,1121,176
XZ_batch2_colony10_260606_1_crop_final_with_model_head_tail_1interval,colony10,Sucrose,3,7,MC3_MD7,Sucrose_MC3_MD7,50-55,50,H,50,55,H,55,HH,105,0
XZ_batch2_colony10_260606_1_crop_final_with_model_head_tail_1interval,colony10,Sucrose,3,7,MC3_MD7,Sucrose_MC3_MD7,50-56,50,H,50,56,H,56,HH,7,0
XZ_batch2_colony10_260606_1_crop_final_with_model_head_tail_1interval,colony10,Sucrose,3,7,MC3_MD7,Sucrose_MC3_MD7,50-59,50,H,50,59,H,59,HH,556,51
XZ_batch2_colony10_260606_1_crop_final_with_model_head_tail_1interval,colony10,Sucrose,3,7,MC3_MD7,Sucrose_MC3_MD7,50-60,50,H,50,60,H,60,HH,230,1
XZ_batch2_colony10_260606_1_crop_final_with_model_head_tail_1interval,colony10,Sucrose,3,7,MC3_MD7,Sucrose_MC3_MD7,50-69,50,H,50,69,H,69,HH,519,0
XZ_batch2_colony10_260606_1_crop_final_with_model_head_tail_1interval,colony10,Sucrose,3,7,MC3_MD7,Sucrose_MC3_MD7,50-70,50,H,50,70,H,70,HH,10,0
XZ_batch2_colony10_260606_1_crop_final_with_model_head_tail_1interval,colony10,Sucrose,3,7,MC3_MD7,Sucrose_MC3_MD7,50-80,50,H,50,80,Q,80,HQ,984,31
XZ_batch2_colony10_260606_1_crop_final_with_model_head_tail_1interval,colony10,Sucrose,3,7,MC3_MD7,Sucrose_MC3_MD7,50-90,50,H,50,90,MC,90,HMC,225,1
XZ_batch2_colony10_260606_1_crop_final_with_model_head_tail_1interval,colony10,Sucrose,3,7,MC3_MD7,Sucrose_MC3_MD7,50-92,50,H,50,92,MC,92,HMC,196,13
XZ_batch2_colony10_260606_1_crop_final_with_model_head_tail_1interval,colony10,Sucrose,3,7,MC3_MD7,Sucrose_MC3_MD7,50-93,50,H,50,93,MD,93,HMD,534,5
XZ_batch2_colony10_260606_1_crop_final_with_model_head_tail_1interval,colony10,Sucrose,3,7,MC3_MD7,Sucrose_MC3_MD7,50-94,50,H,50,94,MD,94,HMD,145,0
XZ_batch2_colony10_260606_1_crop_final_with_model_head_tail_1interval,colony10,Sucrose,3,7,MC3_MD7,Sucrose_MC3_MD7,50-95,50,H,50,95,MD,95,HMD,3,0
XZ_batch2_colony10_260606_1_crop_final_with_model_head_tail_1interval,colony10,Sucrose,3,7,MC3_MD7,Sucrose_MC3_MD7,51-55,51,H,51,55,H,55,HH,273,22
XZ_batch2_colony10_260606_1_crop_final_with_model_head_tail_1interval,colony10,Sucrose,3,7,MC3_MD7,Sucrose_MC3_MD7,51-56,51,H,51,56,H,56,HH,13,1
XZ_batch2_colony10_260606_1_crop_final_with_model_head_tail_1interval,colony10,Sucrose,3,7,MC3_MD7,Sucrose_MC3_MD7,51-59,51,H,51,59,H,59,HH,408,0
XZ_batch2_colony10_260606_1_crop_final_with_model_head_tail_1interval,colony10,Sucrose,3,7,MC3_MD7,Sucrose_MC3_MD7,51-60,51,H,51,60,H,60,HH,451,1
XZ_batch2_colony10_260606_1_crop_final_with_model_head_tail_1interval,colony10,Sucrose,3,7,MC3_MD7,Sucrose_MC3_MD7,51-69,51,H,51,69,H,69,HH,621,0
XZ_batch2_colony10_260606_1_crop_final_with_model_head_tail_1interval,colony10,Sucrose,3,7,MC3_MD7,Sucrose_MC3_MD7,51-70,51,H,51,70,H,70,HH,532,1
XZ_batch2_colony10_260606_1_crop_final_with_model_head_tail_1interval,colony10,Sucrose,3,7,MC3_MD7,Sucrose_MC3_MD7,51-80,51,H,51,80,Q,80,HQ,1243,16
XZ_batch2_colony10_260606_1_crop_final_with_model_head_tail_1interval,colony10,Sucrose,3,7,MC3_MD7,Sucrose_MC3_MD7,51-90,51,H,51,90,MC,90,HMC,625,0
XZ_batch2_colony10_260606_1_crop_final_with_model_head_tail_1interval,colony10,Sucrose,3,7,MC3_MD7,Sucrose_MC3_MD7,51-92,51,H,51,92,MC,92,HMC,183,0
XZ_batch2_colony10_260606_1_crop_final_with_model_head_tail_1interval,colony10,Sucrose,3,7,MC3_MD7,Sucrose_MC3_MD7,51-93,51,H,51,93,MD,93,HMD,731,1
XZ_batch2_colony10_260606_1_crop_final_with_model_head_tail_1interval,colony10,Sucrose,3,7,MC3_MD7,Sucrose_MC3_MD7,51-94,51,H,51,94,MD,94,HMD,28,0
XZ_batch2_colony10_260606_1_crop_final_with_model_head_tail_1interval,colony10,Sucrose,3,7,MC3_MD7,Sucrose_MC3_MD7,51-95,51,H,51,95,MD,95,HMD,3,0
XZ_batch2_colony10_260606_1_crop_final_with_model_head_tail_1interval,colony10,Sucrose,3,7,MC3_MD7,Sucrose_MC3_MD7,55-56,55,H,55,56,H,56,HH,5,0
XZ_batch2_colony10_260606_1_crop_final_with_model_head_tail_1interval,colony10,Sucrose,3,7,MC3_MD7,Sucrose_MC3_MD7,55-59,55,H,55,59,H,59,HH,29,0
XZ_batch2_colony10_260606_1_crop_final_with_model_head_tail_1interval,colony10,Sucrose,3,7,MC3_MD7,Sucrose_MC3_MD7,55-60,55,H,55,60,H,60,HH,292,4
XZ_batch2_colony10_260606_1_crop_final_with_model_head_tail_1interval,colony10,Sucrose,3,7,MC3_MD7,Sucrose_MC3_MD7,55-69,55,H,55,69,H,69,HH,69,0
XZ_batch2_colony10_260606_1_crop_final_with_model_head_tail_1interval,colony10,Sucrose,3,7,MC3_MD7,Sucrose_MC3_MD7,55-70,55,H,55,70,H,70,HH,492,15
XZ_batch2_colony10_260606_1_crop_final_with_model_head_tail_1interval,colony10,Sucrose,3,7,MC3_MD7,Sucrose_MC3_MD7,55-80,55,H,55,80,Q,80,HQ,164,3
XZ_batch2_colony10_260606_1_crop_final_with_model_head_tail_1interval,colony10,Sucrose,3,7,MC3_MD7,Sucrose_MC3_MD7,55-90,55,H,55,90,MC,90,HMC,472,0
XZ_batch2_colony10_260606_1_crop_final_with_model_head_tail_1interval,colony10,Sucrose,3,7,MC3_MD7,Sucrose_MC3_MD7,55-92,55,H,55,92,MC,92,HMC,43,2
XZ_batch2_colony10_260606_1_crop_final_with_model_head_tail_1interval,colony10,Sucrose,3,7,MC3_MD7,Sucrose_MC3_MD7,55-93,55,H,55,93,MD,93,HMD,52,1
XZ_batch2_colony10_260606_1_crop_final_with_model_head_tail_1interval,colony10,Sucrose,3,7,MC3_MD7,Sucrose_MC3_MD7,55-94,55,H,55,94,MD,94,HMD,40,0
XZ_batch2_colony10_260606_1_crop_final_with_model_head_tail_1interval,colony10,Sucrose,3,7,MC3_MD7,Sucrose_MC3_MD7,56-59,56,H,56,59,H,59,HH,4,1
XZ_batch2_colony10_260606_1_crop_final_with_model_head_tail_1interval,colony10,Sucrose,3,7,MC3_MD7,Sucrose_MC3_MD7,56-60,56,H,56,60,H,60,HH,16,0
XZ_batch2_colony10_260606_1_crop_final_with_model_head_tail_1interval,colony10,Sucrose,3,7,MC3_MD7,Sucrose_MC3_MD7,56-69,56,H,56,69,H,69,HH,2,0
XZ_batch2_colony10_260606_1_crop_final_with_model_head_tail_1interval,colony10,Sucrose,3,7,MC3_MD7,Sucrose_MC3_MD7,56-70,56,H,56,70,H,70,HH,1,0
XZ_batch2_colony10_260606_1_crop_final_with_model_head_tail_1interval,colony10,Sucrose,3,7,MC3_MD7,Sucrose_MC3_MD7,56-80,56,H,56,80,Q,80,HQ,12,0
XZ_batch2_colony10_260606_1_crop_final_with_model_head_tail_1interval,colony10,Sucrose,3,7,MC3_MD7,Sucrose_MC3_MD7,56-90,56,H,56,90,MC,90,HMC,19,0
XZ_batch2_colony10_260606_1_crop_final_with_model_head_tail_1interval,colony10,Sucrose,3,7,MC3_MD7,Sucrose_MC3_MD7,56-92,56,H,56,92,MC,92,HMC,6,0
XZ_batch2_colony10_260606_1_crop_final_with_model_head_tail_1interval,colony10,Sucrose,3,7,MC3_MD7,Sucrose_MC3_MD7,56-93,56,H,56,93,MD,93,HMD,3,0
XZ_batch2_colony10_260606_1_crop_final_with_model_head_tail_1interval,colony10,Sucrose,3,7,MC3_MD7,Sucrose_MC3_MD7,59-60,59,H,59,60,H,60,HH,220,6
XZ_batch2_colony10_260606_1_crop_final_with_model_head_tail_1interval,colony10,Sucrose,3,7,MC3_MD7,Sucrose_MC3_MD7,59-69,59,H,59,69,H,69,HH,377,34
XZ_batch2_colony10_260606_1_crop_final_with_model_head_tail_1interval,colony10,Sucrose,3,7,MC3_MD7,Sucrose_MC3_MD7,59-70,59,H,59,70,H,70,HH,45,1
XZ_batch2_colony10_260606_1_crop_final_with_model_head_tail_1interval,colony10,Sucrose,3,7,MC3_MD7,Sucrose_MC3_MD7,59-80,59,H,59,80,Q,80,HQ,716,7
XZ_batch2_colony10_260606_1_crop_final_with_model_head_tail_1interval,colony10,Sucrose,3,7,MC3_MD7,Sucrose_MC3_MD7,59-90,59,H,59,90,MC,90,HMC,444,12
XZ_batch2_colony10_260606_1_crop_final_with_model_head_tail_1interval,colony10,Sucrose,3,7,MC3_MD7,Sucrose_MC3_MD7,59-92,59,H,59,92,MC,92,HMC,285,2
XZ_batch2_colony10_260606_1_crop_final_with_model_head_tail_1interval,colony10,Sucrose,3,7,MC3_MD7,Sucrose_MC3_MD7,59-93,59,H,59,93,MD,93,HMD,340,9
XZ_batch2_colony10_260606_1_crop_final_with_model_head_tail_1interval,colony10,Sucrose,3,7,MC3_MD7,Sucrose_MC3_MD7,59-94,59,H,59,94,MD,94,HMD,16,0
XZ_batch2_colony10_260606_1_crop_final_with_model_head_tail_1interval,colony10,Sucrose,3,7,MC3_MD7,Sucrose_MC3_MD7,59-95,59,H,59,95,MD,95,HMD,2,0
XZ_batch2_colony10_260606_1_crop_final_with_model_head_tail_1interval,colony10,Sucrose,3,7,MC3_MD7,Sucrose_MC3_MD7,60-69,60,H,60,69,H,69,HH,154,0
XZ_batch2_colony10_260606_1_crop_final_with_model_head_tail_1interval,colony10,Sucrose,3,7,MC3_MD7,Sucrose_MC3_MD7,60-70,60,H,60,70,H,70,HH,295,2
XZ_batch2_colony10_260606_1_crop_final_with_model_head_tail_1interval,colony10,Sucrose,3,7,MC3_MD7,Sucrose_MC3_MD7,60-80,60,H,60,80,Q,80,HQ,630,24
XZ_batch2_colony10_260606_1_crop_final_with_model_head_tail_1interval,colony10,Sucrose,3,7,MC3_MD7,Sucrose_MC3_MD7,60-90,60,H,60,90,MC,90,HMC,522,7
XZ_batch2_colony10_260606_1_crop_final_with_model_head_tail_1interval,colony10,Sucrose,3,7,MC3_MD7,Sucrose_MC3_MD7,60-92,60,H,60,92,MC,92,HMC,202,34
XZ_batch2_colony10_260606_1_crop_final_with_model_head_tail_1interval,colony10,Sucrose,3,7,MC3_MD7,Sucrose_MC3_MD7,60-93,60,H,60,93,MD,93,HMD,147,9
XZ_batch2_colony10_260606_1_crop_final_with_model_head_tail_1interval,colony10,Sucrose,3,7,MC3_MD7,Sucrose_MC3_MD7,60-94,60,H,60,94,MD,94,HMD,9,0
XZ_batch2_colony10_260606_1_crop_final_with_model_head_tail_1interval,colony10,Sucrose,3,7,MC3_MD7,Sucrose_MC3_MD7,60-95,60,H,60,95,MD,95,HMD,4,0
XZ_batch2_colony10_260606_1_crop_final_with_model_head_tail_1interval,colony10,Sucrose,3,7,MC3_MD7,Sucrose_MC3_MD7,69-70,69,H,69,70,H,70,HH,49,0
XZ_batch2_colony10_260606_1_crop_final_with_model_head_tail_1interval,colony10,Sucrose,3,7,MC3_MD7,Sucrose_MC3_MD7,69-80,69,H,69,80,Q,80,HQ,607,9
XZ_batch2_colony10_260606_1_crop_final_with_model_head_tail_1interval,colony10,Sucrose,3,7,MC3_MD7,Sucrose_MC3_MD7,69-90,69,H,69,90,MC,90,HMC,202,1
XZ_batch2_colony10_260606_1_crop_final_with_model_head_tail_1interval,colony10,Sucrose,3,7,MC3_MD7,Sucrose_MC3_MD7,69-92,69,H,69,92,MC,92,HMC,212,5
XZ_batch2_colony10_260606_1_crop_final_with_model_head_tail_1interval,colony10,Sucrose,3,7,MC3_MD7,Sucrose_MC3_MD7,69-93,69,H,69,93,MD,93,HMD,593,7
XZ_batch2_colony10_260606_1_crop_final_with_model_head_tail_1interval,colony10,Sucrose,3,7,MC3_MD7,Sucrose_MC3_MD7,69-94,69,H,69,94,MD,94,HMD,4,1
XZ_batch2_colony10_260606_1_crop_final_with_model_head_tail_1interval,colony10,Sucrose,3,7,MC3_MD7,Sucrose_MC3_MD7,69-95,69,H,69,95,MD,95,HMD,1,0
XZ_batch2_colony10_260606_1_crop_final_with_model_head_tail_1interval,colony10,Sucrose,3,7,MC3_MD7,Sucrose_MC3_MD7,70-80,70,H,70,80,Q,80,HQ,68,1
XZ_batch2_colony10_260606_1_crop_final_with_model_head_tail_1interval,colony10,Sucrose,3,7,MC3_MD7,Sucrose_MC3_MD7,70-90,70,H,70,90,MC,90,HMC,665,9
XZ_batch2_colony10_260606_1_crop_final_with_model_head_tail_1interval,colony10,Sucrose,3,7,MC3_MD7,Sucrose_MC3_MD7,70-92,70,H,70,92,MC,92,HMC,124,2
XZ_batch2_colony10_260606_1_crop_final_with_model_head_tail_1interval,colony10,Sucrose,3,7,MC3_MD7,Sucrose_MC3_MD7,70-93,70,H,70,93,MD,93,HMD,105,1
XZ_batch2_colony10_260606_1_crop_final_with_model_head_tail_1interval,colony10,Sucrose,3,7,MC3_MD7,Sucrose_MC3_MD7,70-94,70,H,70,94,MD,94,HMD,19,0
XZ_batch2_colony10_260606_1_crop_final_with_model_head_tail_1interval,colony10,Sucrose,3,7,MC3_MD7,Sucrose_MC3_MD7,80-90,80,Q,80,90,MC,90,MCQ,742,4
XZ_batch2_colony10_260606_1_crop_final_with_model_head_tail_1interval,colony10,Sucrose,3,7,MC3_MD7,Sucrose_MC3_MD7,80-92,80,Q,80,92,MC,92,MCQ,399,0
XZ_batch2_colony10_260606_1_crop_final_with_model_head_tail_1interval,colony10,Sucrose,3,7,MC3_MD7,Sucrose_MC3_MD7,80-93,80,Q,80,93,MD,93,MDQ,372,20
XZ_batch2_colony10_260606_1_crop_final_with_model_head_tail_1interval,colony10,Sucrose,3,7,MC3_MD7,Sucrose_MC3_MD7,80-94,80,Q,80,94,MD,94,MDQ,212,5
XZ_batch2_colony10_260606_1_crop_final_with_model_head_tail_1interval,colony10,Sucrose,3,7,MC3_MD7,Sucrose_MC3_MD7,80-95,80,Q,80,95,MD,95,MDQ,3,0
XZ_batch2_colony10_260606_1_crop_final_with_model_head_tail_1interval,colony10,Sucrose,3,7,MC3_MD7,Sucrose_MC3_MD7,90-92,90,MC,90,92,MC,92,MCMC,268,0
XZ_batch2_colony10_260606_1_crop_final_with_model_head_tail_1interval,colony10,Sucrose,3,7,MC3_MD7,Sucrose_MC3_MD7,90-93,90,MC,90,93,MD,93,MCMD,203,1
XZ_batch2_colony10_260606_1_crop_final_with_model_head_tail_1interval,colony10,Sucrose,3,7,MC3_MD7,Sucrose_MC3_MD7,90-94,90,MC,90,94,MD,94,MCMD,119,3
XZ_batch2_colony10_260606_1_crop_final_with_model_head_tail_1interval,colony10,Sucrose,3,7,MC3_MD7,Sucrose_MC3_MD7,90-95,90,MC,90,95,MD,95,MCMD,8,0
XZ_batch2_colony10_260606_1_crop_final_with_model_head_tail_1interval,colony10,Sucrose,3,7,MC3_MD7,Sucrose_MC3_MD7,92-93,92,MC,92,93,MD,93,MCMD,71,1
XZ_batch2_colony10_260606_1_crop_final_with_model_head_tail_1interval,colony10,Sucrose,3,7,MC3_MD7,Sucrose_MC3_MD7,92-94,92,MC,92,94,MD,94,MCMD,81,0
XZ_batch2_colony10_260606_1_crop_final_with_model_head_tail_1interval,colony10,Sucrose,3,7,MC3_MD7,Sucrose_MC3_MD7,92-95,92,MC,92,95,MD,95,MCMD,1,0
XZ_batch2_colony10_260606_1_crop_final_with_model_head_tail_1interval,colony10,Sucrose,3,7,MC3_MD7,Sucrose_MC3_MD7,93-94,93,MD,93,94,MD,94,MDMD,38,0
XZ_batch2_colony10_260606_1_crop_final_with_model_head_tail_1interval,colony10,Sucrose,3,7,MC3_MD7,Sucrose_MC3_MD7,93-95,93,MD,93,95,MD,95,MDMD,2,0
